Date,Weekday,Day,Customer_Visit,Christmas
25/03/08,2,84,3098,0
26/03/08,3,85,2891,0
27/03/08,4,86,3081,0
28/03/08,5,87,2947,0
29/03/08,6,88,3060,0
30/03/08,7,89,2946,0
31/03/08,1,90,3037,0
01/04/08,2,91,3086,0
02/04/08,3,92,2960,0
03/04/08,4,93,3043,0
04/04/08,5,94,2937,0
05/04/08,6,95,2968,0
06/04/08,7,96,2982,0
07/04/08,1,97,2963,0
08/04/08,2,98,3006,0
09/04/08,3,99,2997,0
10/04/08,4,100,3014,0
11/04/08,5,101,2946,0
12/04/08,6,102,2970,0
13/04/08,7,103,3019,0
14/04/08,1,104,2973,0
15/04/08,2,105,3083,0
16/04/08,3,106,3006,0
17/04/08,4,107,2898,0
18/04/08,5,108,2943,0
19/04/08,6,109,3029,0
20/04/08,7,110,3060,0
21/04/08,1,111,2920,0
22/04/08,2,112,3021,0
23/04/08,3,113,2962,0
24/04/08,4,114,2971,0
25/04/08,5,115,3086,0
26/04/08,6,116,3052,0
27/04/08,7,117,3034,0
28/04/08,1,118,3048,0
29/04/08,2,119,3062,0
30/04/08,3,120,3014,0
01/05/08,4,121,3009,0
02/05/08,5,122,3009,0
03/05/08,6,123,2946,0
04/05/08,7,124,2988,0
05/05/08,1,125,3005,0
06/05/08,2,126,3049,0
07/05/08,3,127,2975,0
08/05/08,4,128,3057,0
09/05/08,5,129,3053,0
10/05/08,6,130,3016,0
11/05/08,7,131,2958,0
12/05/08,1,132,2989,0
13/05/08,2,133,3029,0
14/05/08,3,134,2884,0
15/05/08,4,135,2913,0
16/05/08,5,136,3042,0
17/05/08,6,137,3064,0
18/05/08,7,138,3011,0
19/05/08,1,139,2923,0
20/05/08,2,140,3056,0
21/05/08,3,141,2992,0
22/05/08,4,142,2942,0
23/05/08,5,143,2996,0
24/05/08,6,144,3008,0
25/05/08,7,145,3127,0
26/05/08,1,146,3032,0
27/05/08,2,147,2863,0
28/05/08,3,148,2996,0
29/05/08,4,149,3048,0
30/05/08,5,150,2939,0
31/05/08,6,151,3021,0
01/06/08,7,152,3020,0
02/06/08,1,153,3049,0
03/06/08,2,154,3006,0
04/06/08,3,155,2949,0
05/06/08,4,156,3125,0
06/06/08,5,157,2995,0
07/06/08,6,158,2992,0
08/06/08,7,159,2994,0
09/06/08,1,160,3038,0
10/06/08,2,161,2964,0
11/06/08,3,162,2923,0
12/06/08,4,163,3000,0
13/06/08,5,164,2939,0
14/06/08,6,165,3025,0
15/06/08,7,166,2988,0
16/06/08,1,167,3060,0
17/06/08,2,168,2968,0
18/06/08,3,169,2955,0
19/06/08,4,170,2996,0
20/06/08,5,171,2909,0
21/06/08,6,172,3049,0
22/06/08,7,173,2971,0
23/06/08,1,174,2969,0
24/06/08,2,175,3043,0
25/06/08,3,176,2973,0
26/06/08,4,177,3048,0
27/06/08,5,178,3045,0
28/06/08,6,179,2987,0
29/06/08,7,180,3027,0
30/06/08,1,181,2935,0
01/07/08,2,182,2973,0
02/07/08,3,183,2981,0
03/07/08,4,184,3056,0
04/07/08,5,185,3050,0
05/07/08,6,186,3075,0
06/07/08,7,187,3008,0
07/07/08,1,188,3044,0
08/07/08,2,189,2968,0
09/07/08,3,190,2934,0
10/07/08,4,191,2987,0
11/07/08,5,192,3059,0
12/07/08,6,193,3095,0
13/07/08,7,194,3040,0
14/07/08,1,195,3048,0
15/07/08,2,196,3006,0
16/07/08,3,197,3025,0
17/07/08,4,198,3032,0
18/07/08,5,199,3062,0
19/07/08,6,200,3034,0
20/07/08,7,201,3036,0
21/07/08,1,202,3035,0
22/07/08,2,203,3008,0
23/07/08,3,204,3115,0
24/07/08,4,205,3082,0
25/07/08,5,206,3080,0
26/07/08,6,207,2969,0
27/07/08,7,208,2996,0
28/07/08,1,209,2990,0
29/07/08,2,210,2936,0
30/07/08,3,211,2961,0
31/07/08,4,212,2988,0
01/08/08,5,213,3056,0
02/08/08,6,214,3001,0
03/08/08,7,215,3048,0
04/08/08,1,216,3040,0
05/08/08,2,217,2959,0
06/08/08,3,218,2942,0
07/08/08,4,219,3092,0
08/08/08,5,220,3063,0
09/08/08,6,221,3108,0
10/08/08,7,222,3007,0
11/08/08,1,223,2940,0
12/08/08,2,224,2956,0
13/08/08,3,225,2972,0
14/08/08,4,226,2957,0
15/08/08,5,227,3038,0
16/08/08,6,228,2962,0
17/08/08,7,229,2963,0
18/08/08,1,230,3075,0
19/08/08,2,231,3066,0
20/08/08,3,232,3005,0
21/08/08,4,233,3035,0
22/08/08,5,234,2985,0
23/08/08,6,235,3003,0
24/08/08,7,236,3048,0
25/08/08,1,237,2991,0
26/08/08,2,238,3004,0
27/08/08,3,239,3051,0
28/08/08,4,240,3027,0
29/08/08,5,241,2910,0
30/08/08,6,242,3073,0
31/08/08,7,243,2956,0
01/09/08,1,244,2925,0
02/09/08,2,245,2949,0
03/09/08,3,246,2941,0
04/09/08,4,247,2959,0
05/09/08,5,248,3075,0
06/09/08,6,249,3048,0
07/09/08,7,250,3030,0
08/09/08,1,251,3042,0
09/09/08,2,252,2985,0
10/09/08,3,253,3019,0
11/09/08,4,254,3018,0
12/09/08,5,255,3034,0
13/09/08,6,256,2982,0
14/09/08,7,257,3058,0
15/09/08,1,258,2897,0
16/09/08,2,259,3000,0
17/09/08,3,260,2959,0
18/09/08,4,261,2952,0
19/09/08,5,262,2828,0
20/09/08,6,263,2981,0
21/09/08,7,264,3064,0
22/09/08,1,265,3107,0
23/09/08,2,266,3070,0
24/09/08,3,267,3062,0
25/09/08,4,268,2952,0
26/09/08,5,269,2904,0
27/09/08,6,270,2936,0
28/09/08,7,271,3003,0
29/09/08,1,272,2939,0
30/09/08,2,273,2952,0
01/10/08,3,274,3035,0
02/10/08,4,275,3043,0
03/10/08,5,276,3039,0
04/10/08,6,277,3021,0
05/10/08,7,278,3043,0
06/10/08,1,279,2982,0
07/10/08,2,280,2971,0
08/10/08,3,281,3018,0
09/10/08,4,282,3005,0
10/10/08,5,283,3010,0
11/10/08,6,284,3000,0
12/10/08,7,285,2964,0
13/10/08,1,286,3005,0
14/10/08,2,287,2969,0
15/10/08,3,288,3042,0
16/10/08,4,289,3008,0
17/10/08,5,290,3046,0
18/10/08,6,291,3061,0
19/10/08,7,292,2891,0
20/10/08,1,293,3014,0
21/10/08,2,294,2959,0
22/10/08,3,295,2959,0
23/10/08,4,296,2981,0
24/10/08,5,297,2965,0
25/10/08,6,298,2998,0
26/10/08,7,299,2990,0
27/10/08,1,300,2974,0
28/10/08,2,301,3046,0
29/10/08,3,302,3001,0
30/10/08,4,303,3038,0
31/10/08,5,304,3043,0
01/11/08,6,305,3034,0
02/11/08,7,306,2979,0
03/11/08,1,307,2837,0
04/11/08,2,308,2956,0
05/11/08,3,309,3090,0
06/11/08,4,310,2932,0
07/11/08,5,311,2997,0
08/11/08,6,312,3048,0
09/11/08,7,313,2977,0
10/11/08,1,314,3027,0
11/11/08,2,315,3059,0
12/11/08,3,316,2830,0
13/11/08,4,317,3027,0
14/11/08,5,318,3009,0
15/11/08,6,319,2967,0
16/11/08,7,320,3036,0
17/11/08,1,321,3050,0
18/11/08,2,322,3066,0
19/11/08,3,323,2988,0
20/11/08,4,324,3075,0
21/11/08,5,325,2952,0
22/11/08,6,326,3132,0
23/11/08,7,327,3100,0
24/11/08,1,328,2936,0
25/11/08,2,329,3023,0
26/11/08,3,330,3018,0
27/11/08,4,331,2944,0
28/11/08,5,332,2985,0
29/11/08,6,333,3089,0
30/11/08,7,334,3023,0
01/12/08,1,335,2913,0
02/12/08,2,336,2907,0
03/12/08,3,337,3029,0
04/12/08,4,338,2934,0
05/12/08,5,339,2986,0
06/12/08,6,340,3037,0
07/12/08,7,341,3074,0
08/12/08,1,342,3083,0
09/12/08,2,343,3004,0
10/12/08,3,344,2953,0
11/12/08,4,345,2964,0
12/12/08,5,346,3010,0
13/12/08,6,347,2988,0
14/12/08,7,348,3076,0
15/12/08,1,349,3030,0
16/12/08,2,350,3017,0
17/12/08,3,351,3022,0
18/12/08,4,352,2959,0
19/12/08,5,353,2960,0
20/12/08,6,354,2934,0
21/12/08,7,355,2958,0
22/12/08,1,356,2988,0
23/12/08,2,357,3005,0
24/12/08,3,358,2982,0
25/12/08,4,359,3075,1
26/12/08,5,360,3034,0
27/12/08,6,361,2985,0
28/12/08,7,362,3028,0
29/12/08,1,363,3020,0
30/12/08,2,364,2942,0
31/12/08,3,365,2972,0
01/01/09,4,0,3040,0
02/01/09,5,1,2975,0
03/01/09,6,2,3024,0
04/01/09,7,3,2952,0
05/01/09,1,4,3070,0
06/01/09,2,5,3010,0
07/01/09,3,6,3075,0
08/01/09,4,7,2989,0
09/01/09,5,8,3110,0
10/01/09,6,9,3026,0
11/01/09,7,10,3015,0
12/01/09,1,11,2961,0
13/01/09,2,12,2999,0
14/01/09,3,13,2961,0
15/01/09,4,14,3022,0
16/01/09,5,15,2944,0
17/01/09,6,16,2982,0
18/01/09,7,17,3007,0
19/01/09,1,18,3059,0
20/01/09,2,19,2963,0
21/01/09,3,20,2979,0
22/01/09,4,21,2975,0
23/01/09,5,22,2972,0
24/01/09,6,23,2880,0
25/01/09,7,24,2916,0
26/01/09,1,25,2971,0
27/01/09,2,26,3056,0
28/01/09,3,27,3084,0
29/01/09,4,28,2910,0
30/01/09,5,29,2958,0
31/01/09,6,30,2996,0
01/02/09,7,31,2965,0
02/02/09,1,32,3064,0
03/02/09,2,33,3060,0
04/02/09,3,34,3096,0
05/02/09,4,35,2943,0
06/02/09,5,36,2901,0
07/02/09,6,37,2966,0
08/02/09,7,38,3025,0
09/02/09,1,39,2995,0
10/02/09,2,40,2917,0
11/02/09,3,41,2955,0
12/02/09,4,42,3085,0
13/02/09,5,43,2993,0
14/02/09,6,44,2908,0
15/02/09,7,45,2989,0
16/02/09,1,46,2926,0
17/02/09,2,47,3033,0
18/02/09,3,48,3035,0
19/02/09,4,49,3021,0
20/02/09,5,50,2905,0
21/02/09,6,51,3009,0
22/02/09,7,52,2981,0
23/02/09,1,53,2996,0
24/02/09,2,54,3033,0
25/02/09,3,55,3012,0
26/02/09,4,56,2998,0
27/02/09,5,57,2984,0
28/02/09,6,58,3002,0
01/03/09,7,59,3092,0
02/03/09,1,60,3038,0
03/03/09,2,61,2979,0
04/03/09,3,62,2971,0
05/03/09,4,63,3038,0
06/03/09,5,64,3031,0
07/03/09,6,65,3003,0
08/03/09,7,66,2902,0
09/03/09,1,67,2987,0
10/03/09,2,68,3025,0
11/03/09,3,69,2995,0
12/03/09,4,70,2943,0
13/03/09,5,71,3035,0
14/03/09,6,72,3011,0
15/03/09,7,73,2960,0
16/03/09,1,74,3021,0
17/03/09,2,75,2975,0
18/03/09,3,76,3029,0
19/03/09,4,77,2980,0
20/03/09,5,78,2989,0
21/03/09,6,79,3015,0
22/03/09,7,80,3023,0
23/03/09,1,81,3027,0
24/03/09,2,82,2936,0
25/03/09,3,83,3070,0
26/03/09,4,84,2960,0
27/03/09,5,85,3070,0
28/03/09,6,86,2962,0
29/03/09,7,87,2975,0
30/03/09,1,88,2994,0
31/03/09,2,89,2988,0
01/04/09,3,90,2941,0
02/04/09,4,91,2949,0
03/04/09,5,92,2962,0
04/04/09,6,93,3037,0
05/04/09,7,94,2905,0
06/04/09,1,95,2989,0
07/04/09,2,96,3059,0
08/04/09,3,97,2977,0
09/04/09,4,98,3001,0
10/04/09,5,99,3024,0
11/04/09,6,100,2927,0
12/04/09,7,101,3030,0
13/04/09,1,102,2801,0
14/04/09,2,103,3023,0
15/04/09,3,104,2936,0
16/04/09,4,105,2961,0
17/04/09,5,106,3018,0
18/04/09,6,107,2998,0
19/04/09,7,108,2933,0
20/04/09,1,109,3049,0
21/04/09,2,110,3080,0
22/04/09,3,111,2932,0
23/04/09,4,112,2944,0
24/04/09,5,113,3048,0
25/04/09,6,114,2943,0
26/04/09,7,115,2920,0
27/04/09,1,116,2974,0
28/04/09,2,117,3019,0
29/04/09,3,118,2953,0
30/04/09,4,119,2981,0
01/05/09,5,120,3054,0
02/05/09,6,121,3059,0
03/05/09,7,122,3058,0
04/05/09,1,123,3025,0
05/05/09,2,124,3046,0
06/05/09,3,125,3001,0
07/05/09,4,126,3057,0
08/05/09,5,127,2946,0
09/05/09,6,128,3061,0
10/05/09,7,129,3055,0
11/05/09,1,130,3079,0
12/05/09,2,131,3054,0
13/05/09,3,132,3016,0
14/05/09,4,133,3010,0
15/05/09,5,134,2978,0
16/05/09,6,135,3005,0
17/05/09,7,136,3018,0
18/05/09,1,137,2934,0
19/05/09,2,138,3031,0
20/05/09,3,139,3028,0
21/05/09,4,140,2954,0
22/05/09,5,141,2954,0
23/05/09,6,142,2931,0
24/05/09,7,143,3050,0
25/05/09,1,144,3102,0
26/05/09,2,145,3001,0
27/05/09,3,146,3063,0
28/05/09,4,147,2938,0
29/05/09,5,148,2984,0
30/05/09,6,149,3076,0
31/05/09,7,150,2921,0
01/06/09,1,151,2983,0
02/06/09,2,152,2976,0
03/06/09,3,153,2906,0
04/06/09,4,154,3045,0
05/06/09,5,155,2887,0
06/06/09,6,156,2929,0
07/06/09,7,157,2917,0
08/06/09,1,158,3033,0
09/06/09,2,159,2965,0
10/06/09,3,160,3099,0
11/06/09,4,161,3016,0
12/06/09,5,162,3021,0
13/06/09,6,163,2989,0
14/06/09,7,164,2987,0
15/06/09,1,165,3016,0
16/06/09,2,166,2992,0
17/06/09,3,167,3048,0
18/06/09,4,168,2937,0
19/06/09,5,169,2934,0
20/06/09,6,170,2992,0
21/06/09,7,171,2972,0
22/06/09,1,172,3050,0
23/06/09,2,173,3043,0
24/06/09,3,174,3009,0
25/06/09,4,175,3065,0
26/06/09,5,176,2977,0
27/06/09,6,177,2995,0
28/06/09,7,178,3011,0
29/06/09,1,179,2936,0
30/06/09,2,180,3060,0
01/07/09,3,181,3024,0
02/07/09,4,182,2987,0
03/07/09,5,183,2945,0
04/07/09,6,184,3059,0
05/07/09,7,185,2920,0
06/07/09,1,186,2992,0
07/07/09,2,187,2969,0
08/07/09,3,188,2903,0
09/07/09,4,189,3092,0
10/07/09,5,190,3093,0
11/07/09,6,191,2937,0
12/07/09,7,192,3009,0
13/07/09,1,193,3068,0
14/07/09,2,194,2921,0
15/07/09,3,195,3011,0
16/07/09,4,196,3046,0
17/07/09,5,197,2972,0
18/07/09,6,198,3067,0
19/07/09,7,199,2924,0
20/07/09,1,200,3047,0
21/07/09,2,201,2963,0
22/07/09,3,202,2869,0
23/07/09,4,203,3006,0
24/07/09,5,204,2928,0
25/07/09,6,205,3037,0
26/07/09,7,206,2923,0
27/07/09,1,207,2944,0
28/07/09,2,208,2961,0
29/07/09,3,209,2926,0
30/07/09,4,210,2977,0
31/07/09,5,211,3012,0
01/08/09,6,212,2972,0
02/08/09,7,213,3017,0
03/08/09,1,214,3038,0
04/08/09,2,215,2994,0
05/08/09,3,216,2976,0
06/08/09,4,217,3072,0
07/08/09,5,218,3012,0
08/08/09,6,219,3033,0
09/08/09,7,220,2999,0
10/08/09,1,221,3039,0
11/08/09,2,222,3039,0
12/08/09,3,223,3042,0
13/08/09,4,224,2944,0
14/08/09,5,225,2958,0
15/08/09,6,226,3061,0
16/08/09,7,227,2959,0
17/08/09,1,228,2918,0
18/08/09,2,229,3063,0
19/08/09,3,230,3008,0
20/08/09,4,231,2992,0
21/08/09,5,232,3019,0
22/08/09,6,233,2855,0
23/08/09,7,234,2978,0
24/08/09,1,235,3005,0
25/08/09,2,236,2995,0
26/08/09,3,237,2974,0
27/08/09,4,238,2989,0
28/08/09,5,239,3063,0
29/08/09,6,240,2983,0
30/08/09,7,241,3008,0
31/08/09,1,242,2949,0
01/09/09,2,243,3000,0
02/09/09,3,244,3000,0
03/09/09,4,245,3031,0
04/09/09,5,246,2978,0
05/09/09,6,247,3045,0
06/09/09,7,248,3017,0
07/09/09,1,249,3026,0
08/09/09,2,250,2986,0
09/09/09,3,251,2911,0
10/09/09,4,252,3032,0
11/09/09,5,253,3000,0
12/09/09,6,254,3002,0
13/09/09,7,255,3026,0
14/09/09,1,256,2940,0
15/09/09,2,257,2967,0
16/09/09,3,258,2990,0
17/09/09,4,259,3004,0
18/09/09,5,260,3030,0
19/09/09,6,261,2967,0
20/09/09,7,262,2986,0
21/09/09,1,263,3008,0
22/09/09,2,264,2982,0
23/09/09,3,265,2990,0
24/09/09,4,266,3009,0
25/09/09,5,267,3006,0
26/09/09,6,268,3033,0
27/09/09,7,269,2938,0
28/09/09,1,270,2939,0
29/09/09,2,271,3048,0
30/09/09,3,272,3020,0
01/10/09,4,273,2947,0
02/10/09,5,274,3048,0
03/10/09,6,275,2946,0
04/10/09,7,276,2965,0
05/10/09,1,277,3029,0
06/10/09,2,278,2961,0
07/10/09,3,279,3041,0
08/10/09,4,280,3039,0
09/10/09,5,281,3043,0
10/10/09,6,282,2924,0
11/10/09,7,283,2985,0
12/10/09,1,284,2981,0
13/10/09,2,285,3043,0
14/10/09,3,286,3009,0
15/10/09,4,287,3072,0
16/10/09,5,288,2886,0
17/10/09,6,289,2966,0
18/10/09,7,290,3031,0
19/10/09,1,291,3124,0
20/10/09,2,292,2954,0
21/10/09,3,293,2952,0
22/10/09,4,294,3030,0
23/10/09,5,295,3008,0
24/10/09,6,296,2932,0
25/10/09,7,297,3043,0
26/10/09,1,298,3028,0
27/10/09,2,299,2951,0
28/10/09,3,300,3039,0
29/10/09,4,301,2969,0
30/10/09,5,302,2954,0
31/10/09,6,303,2989,0
01/11/09,7,304,2989,0
02/11/09,1,305,2973,0
03/11/09,2,306,3032,0
04/11/09,3,307,3010,0
05/11/09,4,308,3033,0
06/11/09,5,309,2926,0
07/11/09,6,310,3044,0
08/11/09,7,311,3002,0
09/11/09,1,312,3052,0
10/11/09,2,313,3062,0
11/11/09,3,314,2946,0
12/11/09,4,315,2917,0
13/11/09,5,316,3075,0
14/11/09,6,317,3071,0
15/11/09,7,318,2984,0
16/11/09,1,319,2923,0
17/11/09,2,320,2973,0
18/11/09,3,321,2921,0
19/11/09,4,322,3011,0
20/11/09,5,323,3063,0
21/11/09,6,324,3053,0
22/11/09,7,325,2957,0
23/11/09,1,326,3089,0
24/11/09,2,327,3045,0
25/11/09,3,328,2967,0
26/11/09,4,329,3036,0
27/11/09,5,330,2791,0
28/11/09,6,331,3046,0
29/11/09,7,332,2967,0
30/11/09,1,333,2954,0
01/12/09,2,334,2987,0
02/12/09,3,335,2881,0
03/12/09,4,336,3049,0
04/12/09,5,337,3051,0
05/12/09,6,338,3053,0
06/12/09,7,339,2994,0
07/12/09,1,340,2943,0
08/12/09,2,341,3028,0
09/12/09,3,342,2901,0
10/12/09,4,343,2929,0
11/12/09,5,344,2935,0
12/12/09,6,345,3069,0
13/12/09,7,346,3094,0
14/12/09,1,347,3021,0
15/12/09,2,348,2995,0
16/12/09,3,349,3032,0
17/12/09,4,350,2979,0
18/12/09,5,351,3047,0
19/12/09,6,352,3000,0
20/12/09,7,353,3053,0
21/12/09,1,354,2937,0
22/12/09,2,355,3066,0
23/12/09,3,356,3034,0
24/12/09,4,357,2972,0
25/12/09,5,358,2958,1
26/12/09,6,359,2982,0
27/12/09,7,360,3037,0
28/12/09,1,361,3038,0
29/12/09,2,362,2977,0
30/12/09,3,363,2931,0
31/12/09,4,364,2953,0
01/01/10,5,0,2991,0
02/01/10,6,1,3106,0
03/01/10,7,2,3055,0
04/01/10,1,3,2983,0
05/01/10,2,4,3024,0
06/01/10,3,5,3036,0
07/01/10,4,6,3006,0
08/01/10,5,7,3019,0
09/01/10,6,8,3037,0
10/01/10,7,9,2942,0
11/01/10,1,10,3054,0
12/01/10,2,11,3013,0
13/01/10,3,12,2989,0
14/01/10,4,13,3044,0
15/01/10,5,14,2991,0
16/01/10,6,15,2990,0
17/01/10,7,16,3071,0
18/01/10,1,17,3011,0
19/01/10,2,18,3008,0
20/01/10,3,19,3072,0
21/01/10,4,20,3000,0
22/01/10,5,21,2941,0
23/01/10,6,22,3093,0
24/01/10,7,23,2956,0
25/01/10,1,24,2980,0
26/01/10,2,25,3028,0
27/01/10,3,26,2947,0
28/01/10,4,27,3012,0
29/01/10,5,28,3022,0
30/01/10,6,29,3021,0
31/01/10,7,30,2889,0
01/02/10,1,31,2945,0
02/02/10,2,32,2889,0
03/02/10,3,33,3043,0
04/02/10,4,34,2997,0
05/02/10,5,35,3061,0
06/02/10,6,36,3001,0
07/02/10,7,37,2925,0
08/02/10,1,38,3013,0
09/02/10,2,39,2979,0
10/02/10,3,40,2986,0
11/02/10,4,41,3045,0
12/02/10,5,42,3053,0
13/02/10,6,43,3043,0
14/02/10,7,44,3036,0
15/02/10,1,45,2995,0
16/02/10,2,46,3000,0
17/02/10,3,47,3089,0
18/02/10,4,48,2996,0
19/02/10,5,49,2926,0
20/02/10,6,50,2922,0
21/02/10,7,51,2987,0
22/02/10,1,52,2959,0
23/02/10,2,53,2963,0
24/02/10,3,54,2951,0
25/02/10,4,55,3071,0
26/02/10,5,56,2963,0
27/02/10,6,57,2976,0
28/02/10,7,58,2994,0
01/03/10,1,59,2918,0
02/03/10,2,60,3054,0
03/03/10,3,61,3113,0
04/03/10,4,62,3003,0
05/03/10,5,63,3061,0
06/03/10,6,64,2981,0
07/03/10,7,65,2949,0
08/03/10,1,66,2941,0
09/03/10,2,67,2958,0
10/03/10,3,68,2996,0
11/03/10,4,69,3024,0
12/03/10,5,70,3070,0
13/03/10,6,71,3040,0
14/03/10,7,72,3009,0
15/03/10,1,73,2941,0
16/03/10,2,74,2954,0
17/03/10,3,75,2985,0
18/03/10,4,76,2982,0
19/03/10,5,77,2915,0
20/03/10,6,78,2985,0
21/03/10,7,79,3023,0
22/03/10,1,80,2925,0
23/03/10,2,81,3053,0
24/03/10,3,82,3047,0
25/03/10,4,83,3096,0
26/03/10,5,84,3108,0
27/03/10,6,85,2988,0
28/03/10,7,86,2946,0
29/03/10,1,87,3089,0
30/03/10,2,88,3029,0
31/03/10,3,89,3073,0
01/04/10,4,90,2907,0
02/04/10,5,91,3052,0
03/04/10,6,92,2961,0
04/04/10,7,93,2901,0
05/04/10,1,94,3029,0
06/04/10,2,95,2978,0
07/04/10,3,96,2964,0
08/04/10,4,97,3014,0
09/04/10,5,98,2922,0
10/04/10,6,99,3055,0
11/04/10,7,100,3010,0
12/04/10,1,101,3004,0
13/04/10,2,102,3006,0
14/04/10,3,103,3093,0
15/04/10,4,104,3013,0
16/04/10,5,105,3076,0
17/04/10,6,106,3017,0
18/04/10,7,107,2874,0
19/04/10,1,108,3016,0
20/04/10,2,109,3008,0
21/04/10,3,110,2953,0
22/04/10,4,111,3011,0
23/04/10,5,112,2877,0
24/04/10,6,113,3010,0
25/04/10,7,114,3001,0
26/04/10,1,115,2964,0
27/04/10,2,116,3036,0
28/04/10,3,117,3033,0
29/04/10,4,118,3019,0
30/04/10,5,119,3083,0
01/05/10,6,120,3083,0
02/05/10,7,121,2958,0
03/05/10,1,122,3035,0
04/05/10,2,123,2958,0
05/05/10,3,124,2986,0
06/05/10,4,125,2973,0
07/05/10,5,126,3001,0
08/05/10,6,127,3071,0
09/05/10,7,128,2932,0
10/05/10,1,129,2925,0
11/05/10,2,130,2995,0
12/05/10,3,131,3080,0
13/05/10,4,132,3052,0
14/05/10,5,133,2959,0
15/05/10,6,134,3010,0
16/05/10,7,135,2954,0
17/05/10,1,136,2985,0
18/05/10,2,137,3021,0
19/05/10,3,138,2936,0
20/05/10,4,139,3040,0
21/05/10,5,140,3090,0
22/05/10,6,141,2968,0
23/05/10,7,142,2989,0
24/05/10,1,143,2978,0
25/05/10,2,144,2987,0
26/05/10,3,145,3024,0
27/05/10,4,146,3067,0
28/05/10,5,147,3041,0
29/05/10,6,148,3042,0
30/05/10,7,149,3000,0
31/05/10,1,150,3102,0
01/06/10,2,151,3043,0
02/06/10,3,152,3037,0
03/06/10,4,153,2925,0
04/06/10,5,154,3042,0
05/06/10,6,155,3019,0
06/06/10,7,156,2986,0
07/06/10,1,157,3015,0
08/06/10,2,158,2906,0
09/06/10,3,159,3085,0
10/06/10,4,160,2994,0
11/06/10,5,161,2918,0
12/06/10,6,162,2923,0
13/06/10,7,163,3034,0
14/06/10,1,164,3047,0
15/06/10,2,165,2982,0
16/06/10,3,166,3009,0
17/06/10,4,167,3015,0
18/06/10,5,168,2951,0
19/06/10,6,169,3028,0
20/06/10,7,170,3014,0
21/06/10,1,171,3024,0
22/06/10,2,172,2950,0
23/06/10,3,173,3091,0
24/06/10,4,174,3124,0
25/06/10,5,175,3011,0
26/06/10,6,176,3052,0
27/06/10,7,177,2942,0
28/06/10,1,178,2981,0
29/06/10,2,179,2919,0
30/06/10,3,180,3054,0
01/07/10,4,181,2994,0
02/07/10,5,182,3084,0
03/07/10,6,183,2975,0
04/07/10,7,184,2992,0
05/07/10,1,185,2998,0
06/07/10,2,186,3018,0
07/07/10,3,187,2951,0
08/07/10,4,188,2997,0
09/07/10,5,189,2969,0
10/07/10,6,190,3003,0
11/07/10,7,191,3003,0
12/07/10,1,192,3033,0
13/07/10,2,193,2998,0
14/07/10,3,194,2957,0
15/07/10,4,195,3065,0
16/07/10,5,196,3017,0
17/07/10,6,197,2912,0
18/07/10,7,198,2930,0
19/07/10,1,199,2924,0
20/07/10,2,200,2959,0
21/07/10,3,201,3053,0
22/07/10,4,202,2932,0
23/07/10,5,203,3036,0
24/07/10,6,204,2994,0
25/07/10,7,205,2994,0
26/07/10,1,206,3017,0
27/07/10,2,207,2953,0
28/07/10,3,208,3043,0
29/07/10,4,209,2935,0
30/07/10,5,210,2969,0
31/07/10,6,211,2963,0
01/08/10,7,212,2960,0
02/08/10,1,213,2952,0
03/08/10,2,214,3013,0
04/08/10,3,215,2944,0
05/08/10,4,216,3016,0
06/08/10,5,217,3098,0
07/08/10,6,218,3007,0
08/08/10,7,219,2992,0
09/08/10,1,220,3007,0
10/08/10,2,221,2963,0
11/08/10,3,222,2956,0
12/08/10,4,223,3021,0
13/08/10,5,224,2938,0
14/08/10,6,225,3037,0
15/08/10,7,226,2998,0
16/08/10,1,227,2945,0
17/08/10,2,228,2939,0
18/08/10,3,229,3074,0
19/08/10,4,230,3026,0
20/08/10,5,231,3016,0
21/08/10,6,232,2955,0
22/08/10,7,233,2928,0
23/08/10,1,234,2971,0
24/08/10,2,235,2983,0
25/08/10,3,236,3121,0
26/08/10,4,237,3027,0
27/08/10,5,238,2996,0
28/08/10,6,239,3109,0
29/08/10,7,240,3020,0
30/08/10,1,241,3040,0
31/08/10,2,242,2912,0
01/09/10,3,243,2936,0
02/09/10,4,244,2986,0
03/09/10,5,245,3004,0
04/09/10,6,246,3046,0
05/09/10,7,247,3109,0
06/09/10,1,248,2964,0
07/09/10,2,249,2969,0
08/09/10,3,250,3012,0
09/09/10,4,251,3059,0
10/09/10,5,252,2975,0
11/09/10,6,253,3101,0
12/09/10,7,254,3042,0
13/09/10,1,255,3064,0
14/09/10,2,256,2987,0
15/09/10,3,257,2929,0
16/09/10,4,258,3016,0
17/09/10,5,259,2959,0
18/09/10,6,260,2968,0
19/09/10,7,261,2979,0
20/09/10,1,262,3027,0
21/09/10,2,263,2979,0
22/09/10,3,264,2985,0
23/09/10,4,265,3011,0
24/09/10,5,266,3005,0
25/09/10,6,267,3004,0
26/09/10,7,268,2877,0
27/09/10,1,269,2941,0
28/09/10,2,270,3013,0
29/09/10,3,271,2988,0
30/09/10,4,272,2915,0
01/10/10,5,273,2991,0
02/10/10,6,274,2879,0
03/10/10,7,275,2956,0
04/10/10,1,276,2988,0
05/10/10,2,277,2954,0
06/10/10,3,278,2930,0
07/10/10,4,279,3006,0
08/10/10,5,280,3024,0
09/10/10,6,281,3041,0
10/10/10,7,282,2967,0
11/10/10,1,283,3048,0
12/10/10,2,284,3079,0
13/10/10,3,285,2953,0
14/10/10,4,286,3016,0
15/10/10,5,287,2917,0
16/10/10,6,288,2979,0
17/10/10,7,289,3025,0
18/10/10,1,290,2962,0
19/10/10,2,291,2955,0
20/10/10,3,292,2997,0
21/10/10,4,293,2955,0
22/10/10,5,294,2927,0
23/10/10,6,295,3043,0
24/10/10,7,296,2930,0
25/10/10,1,297,3010,0
26/10/10,2,298,2942,0
27/10/10,3,299,2981,0
28/10/10,4,300,3027,0
29/10/10,5,301,3036,0
30/10/10,6,302,2971,0
31/10/10,7,303,2973,0
01/11/10,1,304,2999,0
02/11/10,2,305,2875,0
03/11/10,3,306,2939,0
04/11/10,4,307,2955,0
05/11/10,5,308,3057,0
06/11/10,6,309,3000,0
07/11/10,7,310,2957,0
08/11/10,1,311,3064,0
09/11/10,2,312,2977,0
10/11/10,3,313,3057,0
11/11/10,4,314,2980,0
12/11/10,5,315,2885,0
13/11/10,6,316,2953,0
14/11/10,7,317,2945,0
15/11/10,1,318,3081,0
16/11/10,2,319,3002,0
17/11/10,3,320,3091,0
18/11/10,4,321,2985,0
19/11/10,5,322,3004,0
20/11/10,6,323,3067,0
21/11/10,7,324,2912,0
22/11/10,1,325,3052,0
23/11/10,2,326,3025,0
24/11/10,3,327,2992,0
25/11/10,4,328,2892,0
26/11/10,5,329,3012,0
27/11/10,6,330,2966,0
28/11/10,7,331,3016,0
29/11/10,1,332,2972,0
30/11/10,2,333,2999,0
01/12/10,3,334,3068,0
02/12/10,4,335,2981,0
03/12/10,5,336,2951,0
04/12/10,6,337,3053,0
05/12/10,7,338,3010,0
06/12/10,1,339,2948,0
07/12/10,2,340,2958,0
08/12/10,3,341,2974,0
09/12/10,4,342,3013,0
10/12/10,5,343,2921,0
11/12/10,6,344,3043,0
12/12/10,7,345,2986,0
13/12/10,1,346,2961,0
14/12/10,2,347,3065,0
15/12/10,3,348,2997,0
16/12/10,4,349,3002,0
17/12/10,5,350,3004,0
18/12/10,6,351,3024,0
19/12/10,7,352,3105,0
20/12/10,1,353,3037,0
21/12/10,2,354,3073,0
22/12/10,3,355,2966,0
23/12/10,4,356,2978,0
24/12/10,5,357,2923,0
25/12/10,6,358,2972,1
26/12/10,7,359,3066,0
27/12/10,1,360,2936,0
28/12/10,2,361,3012,0
29/12/10,3,362,2981,0
30/12/10,4,363,2985,0
31/12/10,5,364,3114,0
01/01/11,6,0,2993,0
02/01/11,7,1,3072,0
03/01/11,1,2,3045,0
04/01/11,2,3,3059,0
05/01/11,3,4,2990,0
06/01/11,4,5,2921,0
07/01/11,5,6,2951,0
08/01/11,6,7,2947,0
09/01/11,7,8,3022,0
10/01/11,1,9,3029,0
11/01/11,2,10,2996,0
12/01/11,3,11,2953,0
13/01/11,4,12,2964,0
14/01/11,5,13,3067,0
15/01/11,6,14,3016,0
16/01/11,7,15,2975,0
17/01/11,1,16,3066,0
18/01/11,2,17,2964,0
19/01/11,3,18,2960,0
20/01/11,4,19,3065,0
21/01/11,5,20,2997,0
22/01/11,6,21,2958,0
23/01/11,7,22,2994,0
24/01/11,1,23,3031,0
25/01/11,2,24,2941,0
26/01/11,3,25,3026,0
27/01/11,4,26,3004,0
28/01/11,5,27,3050,0
29/01/11,6,28,3065,0
30/01/11,7,29,2970,0
31/01/11,1,30,2977,0
01/02/11,2,31,2953,0
02/02/11,3,32,3049,0
03/02/11,4,33,2914,0
04/02/11,5,34,2977,0
05/02/11,6,35,3063,0
06/02/11,7,36,2961,0
07/02/11,1,37,2977,0
08/02/11,2,38,2995,0
09/02/11,3,39,3091,0
10/02/11,4,40,2964,0
11/02/11,5,41,2926,0
12/02/11,6,42,3020,0
13/02/11,7,43,3023,0
14/02/11,1,44,3033,0
15/02/11,2,45,2949,0
16/02/11,3,46,3010,0
17/02/11,4,47,2997,0
18/02/11,5,48,2957,0
19/02/11,6,49,2922,0
20/02/11,7,50,2979,0
21/02/11,1,51,2999,0
22/02/11,2,52,2978,0
23/02/11,3,53,3091,0
24/02/11,4,54,2934,0
25/02/11,5,55,3092,0
26/02/11,6,56,3035,0
27/02/11,7,57,3065,0
28/02/11,1,58,3048,0
01/03/11,2,59,3052,0
02/03/11,3,60,2932,0
03/03/11,4,61,2962,0
04/03/11,5,62,2945,0
05/03/11,6,63,2880,0
06/03/11,7,64,2927,0
07/03/11,1,65,2959,0
08/03/11,2,66,2939,0
09/03/11,3,67,2976,0
10/03/11,4,68,2954,0
11/03/11,5,69,2964,0
12/03/11,6,70,3086,0
13/03/11,7,71,3063,0
14/03/11,1,72,3053,0
15/03/11,2,73,3001,0
16/03/11,3,74,3020,0
17/03/11,4,75,2797,0
18/03/11,5,76,3022,0
19/03/11,6,77,3056,0
20/03/11,7,78,2959,0
21/03/11,1,79,3109,0
22/03/11,2,80,2933,0
23/03/11,3,81,2991,0
24/03/11,4,82,3000,0
25/03/11,5,83,3027,0
26/03/11,6,84,3025,0
27/03/11,7,85,2991,0
28/03/11,1,86,2999,0
29/03/11,2,87,2999,0
30/03/11,3,88,2962,0
31/03/11,4,89,3019,0
01/04/11,5,90,3056,0
02/04/11,6,91,3046,0
03/04/11,7,92,2963,0
04/04/11,1,93,3059,0
05/04/11,2,94,3014,0
06/04/11,3,95,2877,0
07/04/11,4,96,3121,0
08/04/11,5,97,3022,0
09/04/11,6,98,3000,0
10/04/11,7,99,2943,0
11/04/11,1,100,2994,0
12/04/11,2,101,2990,0
13/04/11,3,102,3030,0
14/04/11,4,103,3090,0
15/04/11,5,104,2941,0
16/04/11,6,105,2959,0
17/04/11,7,106,3027,0
18/04/11,1,107,3001,0
19/04/11,2,108,2962,0
20/04/11,3,109,2994,0
21/04/11,4,110,2960,0
22/04/11,5,111,2919,0
23/04/11,6,112,3013,0
24/04/11,7,113,2934,0
25/04/11,1,114,3024,0
26/04/11,2,115,3062,0
27/04/11,3,116,3040,0
28/04/11,4,117,3021,0
29/04/11,5,118,2995,0
30/04/11,6,119,2952,0
01/05/11,7,120,3052,0
02/05/11,1,121,3095,0
03/05/11,2,122,2917,0
04/05/11,3,123,3031,0
05/05/11,4,124,3079,0
06/05/11,5,125,2890,0
07/05/11,6,126,3005,0
08/05/11,7,127,2965,0
09/05/11,1,128,3009,0
10/05/11,2,129,3021,0
11/05/11,3,130,2962,0
12/05/11,4,131,2910,0
13/05/11,5,132,2977,0
14/05/11,6,133,3107,0
15/05/11,7,134,2934,0
16/05/11,1,135,2961,0
17/05/11,2,136,3011,0
18/05/11,3,137,2981,0
19/05/11,4,138,3043,0
20/05/11,5,139,2990,0
21/05/11,6,140,2894,0
22/05/11,7,141,2946,0
23/05/11,1,142,2923,0
24/05/11,2,143,3028,0
25/05/11,3,144,3049,0
26/05/11,4,145,2995,0
27/05/11,5,146,2960,0
28/05/11,6,147,2990,0
29/05/11,7,148,2909,0
30/05/11,1,149,2932,0
31/05/11,2,150,2910,0
01/06/11,3,151,3038,0
02/06/11,4,152,2991,0
03/06/11,5,153,2999,0
04/06/11,6,154,3012,0
05/06/11,7,155,2984,0
06/06/11,1,156,3096,0
07/06/11,2,157,2973,0
08/06/11,3,158,2998,0
09/06/11,4,159,3060,0
10/06/11,5,160,2988,0
11/06/11,6,161,3059,0
12/06/11,7,162,2991,0
13/06/11,1,163,2908,0
14/06/11,2,164,2994,0
15/06/11,3,165,2999,0
16/06/11,4,166,3048,0
17/06/11,5,167,3008,0
18/06/11,6,168,3112,0
19/06/11,7,169,2969,0
20/06/11,1,170,3023,0
21/06/11,2,171,3023,0
22/06/11,3,172,3072,0
23/06/11,4,173,3020,0
24/06/11,5,174,3009,0
25/06/11,6,175,2892,0
26/06/11,7,176,3009,0
27/06/11,1,177,3089,0
28/06/11,2,178,2951,0
29/06/11,3,179,2999,0
30/06/11,4,180,3094,0
01/07/11,5,181,3020,0
02/07/11,6,182,3078,0
03/07/11,7,183,3103,0
04/07/11,1,184,2954,0
05/07/11,2,185,2930,0
06/07/11,3,186,2994,0
07/07/11,4,187,3022,0
08/07/11,5,188,2963,0
09/07/11,6,189,3047,0
10/07/11,7,190,3008,0
11/07/11,1,191,2934,0
12/07/11,2,192,2970,0
13/07/11,3,193,2995,0
14/07/11,4,194,3016,0
15/07/11,5,195,3028,0
16/07/11,6,196,2964,0
17/07/11,7,197,2960,0
18/07/11,1,198,2906,0
19/07/11,2,199,3040,0
20/07/11,3,200,2924,0
21/07/11,4,201,3052,0
22/07/11,5,202,3008,0
23/07/11,6,203,2908,0
24/07/11,7,204,2972,0
25/07/11,1,205,2996,0
26/07/11,2,206,3093,0
27/07/11,3,207,3008,0
28/07/11,4,208,3022,0
29/07/11,5,209,3064,0
30/07/11,6,210,2906,0
31/07/11,7,211,2988,0
01/08/11,1,212,3060,0
02/08/11,2,213,2965,0
03/08/11,3,214,2937,0
04/08/11,4,215,2969,0
05/08/11,5,216,2924,0
06/08/11,6,217,3111,0
07/08/11,7,218,3063,0
08/08/11,1,219,2861,0
09/08/11,2,220,2869,0
10/08/11,3,221,3060,0
11/08/11,4,222,2930,0
12/08/11,5,223,3031,0
13/08/11,6,224,3014,0
14/08/11,7,225,2943,0
15/08/11,1,226,3012,0
16/08/11,2,227,2980,0
17/08/11,3,228,3034,0
18/08/11,4,229,2946,0
19/08/11,5,230,2997,0
20/08/11,6,231,2980,0
21/08/11,7,232,2911,0
22/08/11,1,233,3056,0
23/08/11,2,234,2987,0
24/08/11,3,235,2949,0
25/08/11,4,236,3025,0
26/08/11,5,237,3062,0
27/08/11,6,238,2974,0
28/08/11,7,239,2982,0
29/08/11,1,240,2970,0
30/08/11,2,241,2894,0
31/08/11,3,242,3023,0
01/09/11,4,243,3033,0
02/09/11,5,244,3063,0
03/09/11,6,245,3012,0
04/09/11,7,246,2972,0
05/09/11,1,247,3091,0
06/09/11,2,248,2933,0
07/09/11,3,249,2958,0
08/09/11,4,250,2919,0
09/09/11,5,251,2994,0
10/09/11,6,252,2948,0
11/09/11,7,253,3036,0
12/09/11,1,254,3001,0
13/09/11,2,255,2978,0
14/09/11,3,256,3017,0
15/09/11,4,257,2966,0
16/09/11,5,258,3013,0
17/09/11,6,259,2931,0
18/09/11,7,260,3014,0
19/09/11,1,261,2915,0
20/09/11,2,262,3018,0
21/09/11,3,263,2928,0
22/09/11,4,264,3087,0
23/09/11,5,265,2997,0
24/09/11,6,266,2878,0
25/09/11,7,267,2986,0
26/09/11,1,268,2953,0
27/09/11,2,269,3043,0
28/09/11,3,270,2933,0
29/09/11,4,271,2873,0
30/09/11,5,272,2924,0
01/10/11,6,273,3070,0
02/10/11,7,274,2925,0
03/10/11,1,275,3007,0
04/10/11,2,276,2967,0
05/10/11,3,277,3031,0
06/10/11,4,278,3021,0
07/10/11,5,279,2978,0
08/10/11,6,280,3098,0
09/10/11,7,281,2969,0
10/10/11,1,282,2954,0
11/10/11,2,283,2941,0
12/10/11,3,284,3009,0
13/10/11,4,285,2963,0
14/10/11,5,286,2975,0
15/10/11,6,287,3006,0
16/10/11,7,288,2926,0
17/10/11,1,289,2970,0
18/10/11,2,290,3108,0
19/10/11,3,291,3061,0
20/10/11,4,292,2960,0
21/10/11,5,293,2989,0
22/10/11,6,294,3051,0
23/10/11,7,295,2986,0
24/10/11,1,296,2992,0
25/10/11,2,297,2931,0
26/10/11,3,298,2979,0
27/10/11,4,299,2999,0
28/10/11,5,300,2967,0
29/10/11,6,301,2982,0
30/10/11,7,302,2942,0
31/10/11,1,303,3084,0
01/11/11,2,304,3001,0
02/11/11,3,305,2922,0
03/11/11,4,306,2989,0
04/11/11,5,307,2971,0
05/11/11,6,308,2992,0
06/11/11,7,309,2988,0
07/11/11,1,310,2972,0
08/11/11,2,311,3070,0
09/11/11,3,312,3019,0
10/11/11,4,313,2983,0
11/11/11,5,314,2953,0
12/11/11,6,315,3058,0
13/11/11,7,316,3007,0
14/11/11,1,317,2987,0
15/11/11,2,318,2939,0
16/11/11,3,319,2946,0
17/11/11,4,320,3080,0
18/11/11,5,321,2978,0
19/11/11,6,322,2954,0
20/11/11,7,323,2960,0
21/11/11,1,324,3066,0
22/11/11,2,325,2986,0
23/11/11,3,326,2997,0
24/11/11,4,327,3019,0
25/11/11,5,328,3077,0
26/11/11,6,329,2970,0
27/11/11,7,330,3045,0
28/11/11,1,331,3007,0
29/11/11,2,332,3049,0
30/11/11,3,333,2939,0
01/12/11,4,334,2925,0
02/12/11,5,335,3049,0
03/12/11,6,336,2989,0
04/12/11,7,337,2879,0
05/12/11,1,338,3016,0
06/12/11,2,339,2938,0
07/12/11,3,340,3006,0
08/12/11,4,341,2959,0
09/12/11,5,342,3090,0
10/12/11,6,343,3101,0
11/12/11,7,344,3004,0
12/12/11,1,345,2967,0
13/12/11,2,346,2943,0
14/12/11,3,347,3030,0
15/12/11,4,348,3036,0
16/12/11,5,349,3070,0
17/12/11,6,350,2946,0
18/12/11,7,351,2958,0
19/12/11,1,352,3017,0
20/12/11,2,353,2958,0
21/12/11,3,354,3014,0
22/12/11,4,355,3013,0
23/12/11,5,356,3047,0
24/12/11,6,357,3004,0
25/12/11,7,358,3019,1
26/12/11,1,359,3031,0
27/12/11,2,360,3003,0
28/12/11,3,361,3060,0
29/12/11,4,362,3018,0
30/12/11,5,363,2949,0
31/12/11,6,364,3094,0
01/01/12,7,0,3011,0
02/01/12,1,1,3029,0
03/01/12,2,2,3086,0
04/01/12,3,3,3037,0
05/01/12,4,4,3022,0
06/01/12,5,5,3027,0
07/01/12,6,6,3043,0
08/01/12,7,7,2962,0
09/01/12,1,8,2981,0
10/01/12,2,9,3003,0
11/01/12,3,10,2978,0
12/01/12,4,11,3009,0
13/01/12,5,12,2992,0
14/01/12,6,13,2973,0
15/01/12,7,14,3106,0
16/01/12,1,15,2943,0
17/01/12,2,16,3053,0
18/01/12,3,17,3070,0
19/01/12,4,18,2959,0
20/01/12,5,19,2989,0
21/01/12,6,20,3009,0
22/01/12,7,21,2994,0
23/01/12,1,22,2972,0
24/01/12,2,23,3105,0
25/01/12,3,24,2896,0
26/01/12,4,25,2940,0
27/01/12,5,26,2985,0
28/01/12,6,27,2991,0
29/01/12,7,28,3002,0
30/01/12,1,29,2982,0
31/01/12,2,30,3044,0
01/02/12,3,31,2990,0
02/02/12,4,32,2901,0
03/02/12,5,33,3052,0
04/02/12,6,34,2953,0
05/02/12,7,35,3036,0
06/02/12,1,36,2947,0
07/02/12,2,37,2949,0
08/02/12,3,38,2962,0
09/02/12,4,39,2998,0
10/02/12,5,40,3053,0
11/02/12,6,41,3003,0
12/02/12,7,42,3066,0
13/02/12,1,43,2957,0
14/02/12,2,44,3030,0
15/02/12,3,45,3004,0
16/02/12,4,46,3036,0
17/02/12,5,47,3088,0
18/02/12,6,48,2961,0
19/02/12,7,49,2988,0
20/02/12,1,50,2915,0
21/02/12,2,51,3072,0
22/02/12,3,52,2981,0
23/02/12,4,53,2966,0
24/02/12,5,54,3031,0
25/02/12,6,55,2970,0
26/02/12,7,56,2986,0
27/02/12,1,57,3015,0
28/02/12,2,58,3005,0
29/02/12,3,59,2985,0
01/03/12,4,60,3032,0
02/03/12,5,61,3063,0
03/03/12,6,62,3034,0
04/03/12,7,63,2986,0
05/03/12,1,64,2997,0
06/03/12,2,65,3070,0
07/03/12,3,66,2980,0
08/03/12,4,67,2984,0
09/03/12,5,68,2979,0
10/03/12,6,69,3000,0
11/03/12,7,70,2979,0
12/03/12,1,71,3009,0
13/03/12,2,72,2964,0
14/03/12,3,73,2943,0
15/03/12,4,74,3093,0
16/03/12,5,75,3035,0
17/03/12,6,76,3042,0
18/03/12,7,77,2949,0
19/03/12,1,78,2932,0
20/03/12,2,79,2984,0
21/03/12,3,80,3054,0
22/03/12,4,81,2861,0
23/03/12,5,82,3006,0
24/03/12,6,83,2964,0
25/03/12,7,84,2918,0
26/03/12,1,85,2943,0
27/03/12,2,86,3031,0
28/03/12,3,87,3012,0
29/03/12,4,88,3048,0
30/03/12,5,89,3022,0
31/03/12,6,90,2945,0
01/04/12,7,91,2971,0
02/04/12,1,92,3041,0
03/04/12,2,93,3034,0
04/04/12,3,94,3082,0
05/04/12,4,95,2966,0
06/04/12,5,96,2939,0
07/04/12,6,97,3039,0
08/04/12,7,98,2963,0
09/04/12,1,99,2969,0
10/04/12,2,100,2965,0
11/04/12,3,101,3074,0
12/04/12,4,102,3037,0
13/04/12,5,103,2990,0
14/04/12,6,104,2962,0
15/04/12,7,105,3078,0
16/04/12,1,106,3100,0
17/04/12,2,107,3039,0
18/04/12,3,108,2991,0
19/04/12,4,109,3089,0
20/04/12,5,110,3013,0
21/04/12,6,111,2982,0
22/04/12,7,112,2962,0
23/04/12,1,113,3065,0
24/04/12,2,114,2974,0
25/04/12,3,115,2990,0
26/04/12,4,116,3059,0
27/04/12,5,117,3078,0
28/04/12,6,118,2985,0
29/04/12,7,119,2967,0
30/04/12,1,120,2975,0
01/05/12,2,121,3033,0
02/05/12,3,122,3013,0
03/05/12,4,123,3003,0
04/05/12,5,124,3036,0
05/05/12,6,125,2964,0
06/05/12,7,126,2982,0
07/05/12,1,127,2981,0
08/05/12,2,128,2994,0
09/05/12,3,129,3124,0
10/05/12,4,130,3047,0
11/05/12,5,131,2996,0
12/05/12,6,132,3068,0
13/05/12,7,133,2999,0
14/05/12,1,134,3037,0
15/05/12,2,135,3020,0
16/05/12,3,136,3121,0
17/05/12,4,137,2954,0
18/05/12,5,138,3053,0
19/05/12,6,139,3055,0
20/05/12,7,140,2998,0
21/05/12,1,141,3022,0
22/05/12,2,142,3100,0
23/05/12,3,143,3025,0
24/05/12,4,144,3053,0
25/05/12,5,145,2968,0
26/05/12,6,146,3027,0
27/05/12,7,147,3108,0
28/05/12,1,148,3044,0
29/05/12,2,149,2971,0
30/05/12,3,150,3005,0
31/05/12,4,151,3040,0
01/06/12,5,152,3013,0
02/06/12,6,153,2956,0
03/06/12,7,154,2999,0
04/06/12,1,155,2837,0
05/06/12,2,156,2872,0
06/06/12,3,157,3132,0
07/06/12,4,158,2939,0
08/06/12,5,159,3008,0
09/06/12,6,160,3054,0
10/06/12,7,161,2953,0
11/06/12,1,162,3107,0
12/06/12,2,163,2970,0
13/06/12,3,164,2896,0
14/06/12,4,165,3005,0
15/06/12,5,166,2991,0
16/06/12,6,167,3023,0
17/06/12,7,168,2961,0
18/06/12,1,169,2946,0
19/06/12,2,170,3045,0
20/06/12,3,171,3028,0
21/06/12,4,172,2989,0
22/06/12,5,173,3008,0
23/06/12,6,174,3040,0
24/06/12,7,175,2971,0
25/06/12,1,176,3091,0
26/06/12,2,177,2989,0
27/06/12,3,178,2978,0
28/06/12,4,179,3063,0
29/06/12,5,180,3066,0
30/06/12,6,181,2945,0
01/07/12,7,182,2828,0
02/07/12,1,183,3031,0
03/07/12,2,184,3029,0
04/07/12,3,185,2998,0
05/07/12,4,186,3040,0
06/07/12,5,187,2975,0
07/07/12,6,188,3044,0
08/07/12,7,189,2875,0
09/07/12,1,190,2947,0
10/07/12,2,191,2946,0
11/07/12,3,192,2982,0
12/07/12,4,193,2956,0
13/07/12,5,194,3027,0
14/07/12,6,195,3012,0
15/07/12,7,196,2894,0
16/07/12,1,197,3001,0
17/07/12,2,198,3020,0
18/07/12,3,199,2938,0
19/07/12,4,200,2983,0
20/07/12,5,201,3007,0
21/07/12,6,202,3066,0
22/07/12,7,203,3006,0
23/07/12,1,204,2968,0
24/07/12,2,205,3027,0
25/07/12,3,206,2950,0
26/07/12,4,207,3030,0
27/07/12,5,208,3038,0
28/07/12,6,209,2955,0
29/07/12,7,210,2993,0
30/07/12,1,211,3045,0
31/07/12,2,212,2935,0
01/08/12,3,213,2925,0
02/08/12,4,214,3017,0
03/08/12,5,215,2967,0
04/08/12,6,216,2955,0
05/08/12,7,217,2925,0
06/08/12,1,218,3038,0
07/08/12,2,219,2996,0
08/08/12,3,220,3000,0
09/08/12,4,221,3003,0
10/08/12,5,222,2963,0
11/08/12,6,223,3004,0
12/08/12,7,224,3005,0
13/08/12,1,225,2994,0
14/08/12,2,226,3007,0
15/08/12,3,227,3085,0
16/08/12,4,228,3028,0
17/08/12,5,229,3014,0
18/08/12,6,230,2977,0
19/08/12,7,231,2933,0
20/08/12,1,232,2998,0
21/08/12,2,233,2961,0
22/08/12,3,234,3050,0
23/08/12,4,235,2970,0
24/08/12,5,236,2957,0
25/08/12,6,237,3065,0
26/08/12,7,238,2894,0
27/08/12,1,239,3005,0
28/08/12,2,240,2998,0
29/08/12,3,241,2996,0
30/08/12,4,242,3005,0
31/08/12,5,243,2963,0
01/09/12,6,244,3004,0
02/09/12,7,245,2878,0
03/09/12,1,246,3018,0
04/09/12,2,247,2940,0
05/09/12,3,248,3086,0
06/09/12,4,249,3075,0
07/09/12,5,250,2995,0
08/09/12,6,251,3004,0
09/09/12,7,252,2969,0
10/09/12,1,253,2997,0
11/09/12,2,254,2899,0
12/09/12,3,255,2981,0
13/09/12,4,256,2962,0
14/09/12,5,257,2957,0
15/09/12,6,258,2964,0
16/09/12,7,259,2991,0
17/09/12,1,260,2974,0
18/09/12,2,261,2992,0
19/09/12,3,262,3134,0
20/09/12,4,263,2979,0
21/09/12,5,264,2909,0
22/09/12,6,265,3068,0
23/09/12,7,266,3089,0
24/09/12,1,267,3079,0
25/09/12,2,268,2989,0
26/09/12,3,269,3054,0
27/09/12,4,270,3080,0
28/09/12,5,271,3074,0
29/09/12,6,272,2980,0
30/09/12,7,273,3065,0
01/10/12,1,274,3081,0
02/10/12,2,275,3034,0
03/10/12,3,276,2972,0
04/10/12,4,277,3007,0
05/10/12,5,278,3044,0
06/10/12,6,279,3003,0
07/10/12,7,280,2947,0
08/10/12,1,281,2922,0
09/10/12,2,282,2938,0
10/10/12,3,283,3085,0
11/10/12,4,284,2956,0
12/10/12,5,285,2990,0
13/10/12,6,286,2923,0
14/10/12,7,287,2953,0
15/10/12,1,288,2968,0
16/10/12,2,289,2966,0
17/10/12,3,290,3054,0
18/10/12,4,291,3032,0
19/10/12,5,292,2979,0
20/10/12,6,293,2888,0
21/10/12,7,294,2912,0
22/10/12,1,295,3002,0
23/10/12,2,296,3061,0
24/10/12,3,297,3039,0
25/10/12,4,298,3096,0
26/10/12,5,299,3021,0
27/10/12,6,300,2974,0
28/10/12,7,301,2942,0
29/10/12,1,302,3014,0
30/10/12,2,303,2991,0
31/10/12,3,304,2882,0
01/11/12,4,305,3052,0
02/11/12,5,306,2908,0
03/11/12,6,307,3095,0
04/11/12,7,308,3024,0
05/11/12,1,309,3078,0
06/11/12,2,310,2972,0
07/11/12,3,311,2992,0
08/11/12,4,312,2980,0
09/11/12,5,313,3002,0
10/11/12,6,314,2958,0
11/11/12,7,315,3006,0
12/11/12,1,316,2991,0
13/11/12,2,317,2939,0
14/11/12,3,318,3048,0
15/11/12,4,319,2956,0
16/11/12,5,320,2995,0
17/11/12,6,321,2933,0
18/11/12,7,322,3010,0
19/11/12,1,323,3097,0
20/11/12,2,324,3059,0
21/11/12,3,325,3101,0
22/11/12,4,326,3048,0
23/11/12,5,327,2985,0
24/11/12,6,328,3044,0
25/11/12,7,329,2979,0
26/11/12,1,330,3005,0
27/11/12,2,331,2989,0
28/11/12,3,332,2999,0
29/11/12,4,333,3005,0
30/11/12,5,334,2960,0
01/12/12,6,335,3046,0
02/12/12,7,336,2956,0
03/12/12,1,337,3055,0
04/12/12,2,338,2991,0
05/12/12,3,339,3050,0
06/12/12,4,340,2957,0
07/12/12,5,341,3007,0
08/12/12,6,342,3054,0
09/12/12,7,343,3146,0
10/12/12,1,344,3028,0
11/12/12,2,345,2913,0
12/12/12,3,346,3021,0
13/12/12,4,347,3088,0
14/12/12,5,348,2954,0
15/12/12,6,349,3012,0
16/12/12,7,350,2967,0
17/12/12,1,351,2968,0
18/12/12,2,352,2994,0
19/12/12,3,353,2980,0
20/12/12,4,354,2919,0
21/12/12,5,355,3034,0
22/12/12,6,356,3009,0
23/12/12,7,357,2925,0
24/12/12,1,358,3002,0
25/12/12,2,359,2994,1
26/12/12,3,360,2925,0
27/12/12,4,361,3033,0
28/12/12,5,362,2939,0
29/12/12,6,363,3054,0
30/12/12,7,364,3042,0
31/12/12,1,365,3051,0
01/01/13,2,0,3040,0
02/01/13,3,1,3057,0
03/01/13,4,2,3041,0
04/01/13,5,3,3002,0
05/01/13,6,4,2973,0
06/01/13,7,5,2990,0
07/01/13,1,6,3005,0
08/01/13,2,7,2930,0
09/01/13,3,8,2930,0
10/01/13,4,9,2984,0
11/01/13,5,10,2961,0
12/01/13,6,11,3077,0
13/01/13,7,12,2951,0
14/01/13,1,13,3077,0
15/01/13,2,14,2993,0
16/01/13,3,15,3018,0
17/01/13,4,16,3027,0
18/01/13,5,17,2955,0
19/01/13,6,18,3023,0
20/01/13,7,19,2967,0
21/01/13,1,20,3026,0
22/01/13,2,21,2996,0
23/01/13,3,22,2944,0
24/01/13,4,23,3034,0
25/01/13,5,24,2978,0
26/01/13,6,25,2992,0
27/01/13,7,26,3005,0
28/01/13,1,27,2953,0
29/01/13,2,28,2924,0
30/01/13,3,29,2816,0
31/01/13,4,30,3026,0
01/02/13,5,31,3065,0
02/02/13,6,32,3085,0
03/02/13,7,33,3024,0
04/02/13,1,34,2892,0
05/02/13,2,35,3090,0
06/02/13,3,36,3050,0
07/02/13,4,37,2974,0
08/02/13,5,38,2986,0
09/02/13,6,39,2950,0
10/02/13,7,40,2935,0
11/02/13,1,41,3000,0
12/02/13,2,42,3002,0
13/02/13,3,43,2991,0
14/02/13,4,44,2994,0
15/02/13,5,45,3060,0
16/02/13,6,46,2960,0
17/02/13,7,47,3141,0
18/02/13,1,48,3098,0
19/02/13,2,49,3006,0
20/02/13,3,50,3021,0
21/02/13,4,51,2972,0
22/02/13,5,52,2955,0
23/02/13,6,53,2918,0
24/02/13,7,54,2929,0
25/02/13,1,55,2960,0
26/02/13,2,56,2912,0
27/02/13,3,57,3096,0
28/02/13,4,58,3032,0
01/03/13,5,59,3068,0
02/03/13,6,60,2938,0
03/03/13,7,61,2968,0
04/03/13,1,62,2959,0
05/03/13,2,63,2885,0
06/03/13,3,64,3016,0
07/03/13,4,65,3107,0
08/03/13,5,66,3022,0
09/03/13,6,67,2986,0
10/03/13,7,68,2984,0
11/03/13,1,69,2968,0
12/03/13,2,70,2954,0
13/03/13,3,71,3080,0
14/03/13,4,72,3075,0
15/03/13,5,73,2886,0
16/03/13,6,74,2939,0
17/03/13,7,75,3028,0
18/03/13,1,76,3064,0
19/03/13,2,77,3040,0
20/03/13,3,78,2979,0
21/03/13,4,79,3019,0
22/03/13,5,80,2935,0
23/03/13,6,81,3068,0
24/03/13,7,82,2892,0
25/03/13,1,83,3038,0
26/03/13,2,84,3071,0
27/03/13,3,85,3015,0
28/03/13,4,86,2978,0
29/03/13,5,87,2991,0
30/03/13,6,88,2997,0
31/03/13,7,89,2850,0
01/04/13,1,90,3009,0
02/04/13,2,91,2945,0
03/04/13,3,92,2971,0
04/04/13,4,93,2979,0
05/04/13,5,94,3020,0
06/04/13,6,95,3031,0
07/04/13,7,96,2979,0
08/04/13,1,97,3068,0
09/04/13,2,98,3082,0
10/04/13,3,99,3060,0
11/04/13,4,100,2966,0
12/04/13,5,101,2943,0
13/04/13,6,102,3020,0
14/04/13,7,103,2991,0
15/04/13,1,104,2834,0
16/04/13,2,105,3069,0
17/04/13,3,106,3002,0
18/04/13,4,107,2973,0
19/04/13,5,108,2970,0
20/04/13,6,109,2957,0
21/04/13,7,110,2980,0
22/04/13,1,111,3044,0
23/04/13,2,112,2962,0
24/04/13,3,113,3124,0
25/04/13,4,114,2952,0
26/04/13,5,115,2968,0
27/04/13,6,116,3024,0
28/04/13,7,117,3069,0
29/04/13,1,118,3100,0
30/04/13,2,119,3002,0
01/05/13,3,120,3037,0
02/05/13,4,121,3041,0
03/05/13,5,122,2895,0
04/05/13,6,123,2940,0
05/05/13,7,124,3046,0
06/05/13,1,125,2834,0
07/05/13,2,126,3040,0
08/05/13,3,127,3040,0
09/05/13,4,128,3026,0
10/05/13,5,129,2959,0
11/05/13,6,130,2994,0
12/05/13,7,131,3009,0
13/05/13,1,132,2937,0
14/05/13,2,133,2994,0
15/05/13,3,134,2998,0
16/05/13,4,135,3017,0
17/05/13,5,136,2998,0
18/05/13,6,137,3040,0
19/05/13,7,138,2965,0
20/05/13,1,139,3031,0
21/05/13,2,140,3025,0
22/05/13,3,141,3118,0
23/05/13,4,142,2930,0
24/05/13,5,143,2984,0
25/05/13,6,144,2976,0
26/05/13,7,145,2951,0
27/05/13,1,146,3094,0
28/05/13,2,147,3081,0
29/05/13,3,148,3057,0
30/05/13,4,149,3044,0
31/05/13,5,150,2903,0
01/06/13,6,151,3030,0
02/06/13,7,152,3025,0
03/06/13,1,153,3136,0
04/06/13,2,154,3023,0
05/06/13,3,155,2965,0
06/06/13,4,156,2955,0
07/06/13,5,157,3061,0
08/06/13,6,158,2936,0
09/06/13,7,159,3016,0
10/06/13,1,160,2977,0
11/06/13,2,161,3070,0
12/06/13,3,162,3039,0
13/06/13,4,163,3069,0
14/06/13,5,164,2968,0
15/06/13,6,165,3003,0
16/06/13,7,166,3033,0
17/06/13,1,167,3041,0
18/06/13,2,168,2994,0
19/06/13,3,169,3021,0
20/06/13,4,170,2947,0
21/06/13,5,171,2979,0
22/06/13,6,172,2906,0
23/06/13,7,173,3020,0
24/06/13,1,174,2953,0
25/06/13,2,175,3014,0
26/06/13,3,176,2963,0
27/06/13,4,177,2964,0
28/06/13,5,178,3026,0
29/06/13,6,179,2997,0
30/06/13,7,180,3086,0
01/07/13,1,181,3103,0
02/07/13,2,182,3029,0
03/07/13,3,183,2907,0
04/07/13,4,184,2994,0
05/07/13,5,185,3000,0
06/07/13,6,186,2955,0
07/07/13,7,187,2938,0
08/07/13,1,188,2966,0
09/07/13,2,189,3019,0
10/07/13,3,190,3014,0
11/07/13,4,191,3038,0
12/07/13,5,192,3053,0
13/07/13,6,193,3013,0
14/07/13,7,194,3070,0
15/07/13,1,195,2996,0
16/07/13,2,196,3035,0
17/07/13,3,197,3019,0
18/07/13,4,198,3038,0
19/07/13,5,199,3021,0
20/07/13,6,200,3034,0
21/07/13,7,201,2948,0
22/07/13,1,202,2940,0
23/07/13,2,203,3062,0
24/07/13,3,204,3020,0
25/07/13,4,205,3020,0
26/07/13,5,206,3002,0
27/07/13,6,207,3003,0
28/07/13,7,208,2906,0
29/07/13,1,209,3008,0
30/07/13,2,210,2974,0
31/07/13,3,211,2946,0
01/08/13,4,212,2964,0
02/08/13,5,213,2990,0
03/08/13,6,214,2903,0
04/08/13,7,215,3023,0
05/08/13,1,216,3038,0
06/08/13,2,217,3071,0
07/08/13,3,218,3031,0
08/08/13,4,219,2889,0
09/08/13,5,220,3037,0
10/08/13,6,221,2996,0
11/08/13,7,222,2945,0
12/08/13,1,223,3056,0
13/08/13,2,224,2944,0
14/08/13,3,225,2973,0
15/08/13,4,226,2972,0
16/08/13,5,227,3001,0
17/08/13,6,228,2943,0
18/08/13,7,229,2983,0
19/08/13,1,230,3032,0
20/08/13,2,231,2914,0
21/08/13,3,232,2977,0
22/08/13,4,233,3027,0
23/08/13,5,234,3013,0
24/08/13,6,235,3010,0
25/08/13,7,236,2950,0
26/08/13,1,237,2985,0
27/08/13,2,238,3043,0
28/08/13,3,239,2958,0
29/08/13,4,240,2929,0
30/08/13,5,241,2896,0
31/08/13,6,242,3017,0
01/09/13,7,243,3003,0
02/09/13,1,244,2986,0
03/09/13,2,245,2954,0
04/09/13,3,246,2965,0
05/09/13,4,247,3014,0
06/09/13,5,248,2879,0
07/09/13,6,249,2990,0
08/09/13,7,250,3003,0
09/09/13,1,251,3102,0
10/09/13,2,252,3004,0
11/09/13,3,253,2976,0
12/09/13,4,254,3018,0
13/09/13,5,255,3040,0
14/09/13,6,256,2965,0
15/09/13,7,257,3095,0
16/09/13,1,258,2967,0
17/09/13,2,259,3002,0
18/09/13,3,260,3052,0
19/09/13,4,261,3037,0
20/09/13,5,262,2939,0
21/09/13,6,263,2979,0
22/09/13,7,264,3060,0
23/09/13,1,265,3047,0
24/09/13,2,266,2961,0
25/09/13,3,267,2945,0
26/09/13,4,268,2964,0
27/09/13,5,269,2940,0
28/09/13,6,270,3044,0
29/09/13,7,271,2999,0
30/09/13,1,272,2995,0
01/10/13,2,273,3032,0
02/10/13,3,274,3053,0
03/10/13,4,275,3029,0
04/10/13,5,276,2885,0
05/10/13,6,277,2873,0
06/10/13,7,278,2945,0
07/10/13,1,279,2992,0
08/10/13,2,280,2878,0
09/10/13,3,281,3034,0
10/10/13,4,282,3063,0
11/10/13,5,283,3030,0
12/10/13,6,284,2943,0
13/10/13,7,285,3007,0
14/10/13,1,286,2953,0
15/10/13,2,287,2983,0
16/10/13,3,288,2992,0
17/10/13,4,289,2888,0
18/10/13,5,290,2953,0
19/10/13,6,291,3022,0
20/10/13,7,292,3055,0
21/10/13,1,293,3034,0
22/10/13,2,294,2997,0
23/10/13,3,295,2874,0
24/10/13,4,296,2990,0
25/10/13,5,297,2981,0
26/10/13,6,298,2928,0
27/10/13,7,299,3085,0
28/10/13,1,300,2927,0
29/10/13,2,301,2921,0
30/10/13,3,302,2991,0
31/10/13,4,303,2955,0
01/11/13,5,304,3014,0
02/11/13,6,305,3146,0
03/11/13,7,306,3045,0
04/11/13,1,307,3009,0
05/11/13,2,308,2914,0
06/11/13,3,309,3023,0
07/11/13,4,310,3042,0
08/11/13,5,311,2941,0
09/11/13,6,312,3029,0
10/11/13,7,313,3052,0
11/11/13,1,314,2966,0
12/11/13,2,315,2995,0
13/11/13,3,316,3031,0
14/11/13,4,317,2999,0
15/11/13,5,318,3032,0
16/11/13,6,319,3041,0
17/11/13,7,320,2952,0
18/11/13,1,321,3114,0
19/11/13,2,322,2995,0
20/11/13,3,323,2964,0
21/11/13,4,324,2934,0
22/11/13,5,325,3122,0
23/11/13,6,326,3032,0
24/11/13,7,327,3010,0
25/11/13,1,328,2997,0
26/11/13,2,329,2964,0
27/11/13,3,330,3052,0
28/11/13,4,331,2928,0
29/11/13,5,332,3061,0
30/11/13,6,333,2965,0
01/12/13,7,334,3089,0
02/12/13,1,335,2976,0
03/12/13,2,336,2983,0
04/12/13,3,337,2988,0
05/12/13,4,338,3054,0
06/12/13,5,339,2963,0
07/12/13,6,340,3022,0
08/12/13,7,341,3056,0
09/12/13,1,342,3009,0
10/12/13,2,343,2959,0
11/12/13,3,344,3019,0
12/12/13,4,345,2991,0
13/12/13,5,346,2942,0
14/12/13,6,347,3011,0
15/12/13,7,348,3006,0
16/12/13,1,349,3016,0
17/12/13,2,350,2909,0
18/12/13,3,351,3043,0
19/12/13,4,352,3001,0
20/12/13,5,353,2998,0
21/12/13,6,354,3084,0
22/12/13,7,355,3060,0
23/12/13,1,356,2973,0
24/12/13,2,357,2982,0
25/12/13,3,358,3028,1
26/12/13,4,359,3010,0
27/12/13,5,360,2973,0
28/12/13,6,361,2975,0
29/12/13,7,362,2939,0
30/12/13,1,363,2990,0
31/12/13,2,364,2984,0
01/01/14,3,0,3045,0
02/01/14,4,1,3001,0
03/01/14,5,2,2979,0
04/01/14,6,3,3020,0
05/01/14,7,4,2955,0
06/01/14,1,5,3029,0
07/01/14,2,6,3016,0
08/01/14,3,7,3052,0
09/01/14,4,8,2910,0
10/01/14,5,9,2998,0
11/01/14,6,10,2939,0
12/01/14,7,11,3030,0
13/01/14,1,12,3074,0
14/01/14,2,13,3039,0
15/01/14,3,14,3003,0
16/01/14,4,15,2959,0
17/01/14,5,16,2949,0
18/01/14,6,17,3000,0
19/01/14,7,18,2897,0
20/01/14,1,19,3005,0
21/01/14,2,20,2969,0
22/01/14,3,21,2985,0
23/01/14,4,22,2982,0
24/01/14,5,23,2997,0
25/01/14,6,24,2972,0
26/01/14,7,25,2976,0
27/01/14,1,26,3027,0
28/01/14,2,27,2936,0
29/01/14,3,28,2923,0
30/01/14,4,29,3031,0
31/01/14,5,30,3040,0
01/02/14,6,31,3091,0
02/02/14,7,32,3039,0
03/02/14,1,33,3120,0
04/02/14,2,34,3069,0
05/02/14,3,35,3041,0
06/02/14,4,36,3044,0
07/02/14,5,37,2925,0
08/02/14,6,38,3039,0
09/02/14,7,39,2984,0
10/02/14,1,40,3017,0
11/02/14,2,41,3008,0
12/02/14,3,42,2941,0
13/02/14,4,43,2984,0
14/02/14,5,44,3049,0
15/02/14,6,45,3009,0
16/02/14,7,46,3102,0
17/02/14,1,47,2970,0
18/02/14,2,48,2959,0
19/02/14,3,49,2956,0
20/02/14,4,50,3061,0
21/02/14,5,51,2955,0
22/02/14,6,52,2978,0
23/02/14,7,53,2973,0
24/02/14,1,54,2993,0
25/02/14,2,55,2974,0
26/02/14,3,56,3059,0
27/02/14,4,57,3055,0
28/02/14,5,58,3014,0
01/03/14,6,59,2981,0
02/03/14,7,60,3046,0
03/03/14,1,61,3055,0
04/03/14,2,62,3008,0
05/03/14,3,63,3015,0
06/03/14,4,64,3028,0
07/03/14,5,65,3040,0
08/03/14,6,66,3003,0
09/03/14,7,67,2958,0
10/03/14,1,68,2965,0
11/03/14,2,69,3080,0
12/03/14,3,70,3074,0
13/03/14,4,71,3065,0
14/03/14,5,72,2923,0
15/03/14,6,73,2972,0
16/03/14,7,74,3047,0
17/03/14,1,75,2992,0
18/03/14,2,76,3010,0
19/03/14,3,77,3036,0
20/03/14,4,78,2912,0
21/03/14,5,79,3136,0
22/03/14,6,80,2998,0
23/03/14,7,81,3019,0
24/03/14,1,82,3067,0
25/03/14,2,83,2986,0
26/03/14,3,84,3123,0
27/03/14,4,85,3037,0
28/03/14,5,86,2974,0
29/03/14,6,87,3001,0
30/03/14,7,88,3021,0
31/03/14,1,89,2947,0
01/04/14,2,90,2966,0
02/04/14,3,91,3079,0
03/04/14,4,92,2952,0
04/04/14,5,93,3039,0
05/04/14,6,94,2979,0
06/04/14,7,95,3034,0
07/04/14,1,96,2992,0
08/04/14,2,97,2969,0
09/04/14,3,98,3031,0
10/04/14,4,99,2969,0
11/04/14,5,100,3037,0
12/04/14,6,101,2993,0
13/04/14,7,102,3043,0
14/04/14,1,103,3067,0
15/04/14,2,104,3026,0
16/04/14,3,105,2913,0
17/04/14,4,106,2858,0
18/04/14,5,107,3022,0
19/04/14,6,108,3005,0
20/04/14,7,109,3049,0
21/04/14,1,110,3155,0
22/04/14,2,111,2961,0
23/04/14,3,112,2951,0
24/04/14,4,113,3009,0
25/04/14,5,114,3035,0
26/04/14,6,115,3023,0
27/04/14,7,116,2925,0
28/04/14,1,117,3012,0
29/04/14,2,118,3017,0
30/04/14,3,119,3024,0
01/05/14,4,120,3021,0
02/05/14,5,121,2969,0
03/05/14,6,122,2897,0
04/05/14,7,123,3007,0
05/05/14,1,124,2939,0
06/05/14,2,125,3036,0
07/05/14,3,126,3026,0
08/05/14,4,127,2963,0
09/05/14,5,128,2962,0
10/05/14,6,129,3029,0
11/05/14,7,130,2990,0
12/05/14,1,131,3035,0
13/05/14,2,132,2977,0
14/05/14,3,133,3033,0
15/05/14,4,134,2992,0
16/05/14,5,135,2963,0
17/05/14,6,136,2963,0
18/05/14,7,137,3015,0
19/05/14,1,138,3052,0
20/05/14,2,139,2979,0
21/05/14,3,140,2962,0
22/05/14,4,141,2969,0
23/05/14,5,142,3008,0
24/05/14,6,143,3029,0
25/05/14,7,144,2993,0
26/05/14,1,145,3039,0
27/05/14,2,146,3023,0
28/05/14,3,147,2841,0
29/05/14,4,148,3030,0
30/05/14,5,149,3011,0
31/05/14,6,150,3033,0
01/06/14,7,151,3085,0
02/06/14,1,152,3073,0
03/06/14,2,153,3042,0
04/06/14,3,154,3024,0
05/06/14,4,155,2963,0
06/06/14,5,156,3033,0
07/06/14,6,157,3113,0
08/06/14,7,158,2959,0
09/06/14,1,159,2947,0
10/06/14,2,160,3111,0
11/06/14,3,161,2914,0
12/06/14,4,162,3049,0
13/06/14,5,163,2975,0
14/06/14,6,164,2973,0
15/06/14,7,165,2918,0
16/06/14,1,166,3127,0
17/06/14,2,167,2984,0
18/06/14,3,168,3056,0
19/06/14,4,169,3009,0
20/06/14,5,170,3007,0
21/06/14,6,171,3030,0
22/06/14,7,172,3050,0
23/06/14,1,173,3075,0
24/06/14,2,174,3087,0
25/06/14,3,175,2876,0
26/06/14,4,176,3016,0
27/06/14,5,177,2989,0
28/06/14,6,178,3019,0
29/06/14,7,179,3011,0
30/06/14,1,180,2980,0
01/07/14,2,181,2988,0
02/07/14,3,182,2985,0
03/07/14,4,183,3004,0
04/07/14,5,184,3032,0
05/07/14,6,185,3012,0
06/07/14,7,186,2966,0
07/07/14,1,187,3037,0
08/07/14,2,188,3060,0
09/07/14,3,189,2968,0
10/07/14,4,190,2990,0
11/07/14,5,191,3056,0
12/07/14,6,192,3007,0
13/07/14,7,193,3025,0
14/07/14,1,194,2992,0
15/07/14,2,195,2954,0
16/07/14,3,196,2980,0
17/07/14,4,197,2994,0
18/07/14,5,198,2967,0
19/07/14,6,199,2971,0
20/07/14,7,200,3026,0
21/07/14,1,201,2977,0
22/07/14,2,202,2961,0
23/07/14,3,203,3043,0
24/07/14,4,204,3037,0
25/07/14,5,205,2987,0
26/07/14,6,206,2969,0
27/07/14,7,207,3000,0
28/07/14,1,208,3093,0
29/07/14,2,209,2869,0
30/07/14,3,210,2950,0
31/07/14,4,211,3037,0
01/08/14,5,212,2887,0
02/08/14,6,213,2907,0
03/08/14,7,214,2977,0
04/08/14,1,215,2968,0
05/08/14,2,216,2956,0
06/08/14,3,217,2963,0
07/08/14,4,218,3061,0
08/08/14,5,219,3027,0
09/08/14,6,220,3025,0
10/08/14,7,221,3013,0
11/08/14,1,222,2877,0
12/08/14,2,223,2960,0
13/08/14,3,224,2955,0
14/08/14,4,225,3051,0
15/08/14,5,226,3047,0
16/08/14,6,227,3007,0
17/08/14,7,228,2990,0
18/08/14,1,229,3055,0
19/08/14,2,230,3012,0
20/08/14,3,231,2925,0
21/08/14,4,232,2954,0
22/08/14,5,233,2890,0
23/08/14,6,234,2967,0
24/08/14,7,235,3053,0
25/08/14,1,236,2981,0
26/08/14,2,237,2956,0
27/08/14,3,238,3062,0
28/08/14,4,239,3053,0
29/08/14,5,240,2935,0
30/08/14,6,241,2975,0
31/08/14,7,242,2954,0
01/09/14,1,243,3086,0
02/09/14,2,244,2935,0
03/09/14,3,245,3035,0
04/09/14,4,246,3055,0
05/09/14,5,247,3028,0
06/09/14,6,248,3092,0
07/09/14,7,249,2992,0
08/09/14,1,250,3018,0
09/09/14,2,251,2982,0
10/09/14,3,252,3018,0
11/09/14,4,253,2952,0
12/09/14,5,254,3057,0
13/09/14,6,255,3011,0
14/09/14,7,256,2984,0
15/09/14,1,257,3034,0
16/09/14,2,258,2964,0
17/09/14,3,259,2992,0
18/09/14,4,260,2934,0
19/09/14,5,261,2975,0
20/09/14,6,262,2971,0
21/09/14,7,263,3057,0
22/09/14,1,264,3116,0
23/09/14,2,265,2924,0
24/09/14,3,266,2904,0
25/09/14,4,267,2966,0
26/09/14,5,268,3054,0
27/09/14,6,269,3026,0
28/09/14,7,270,3008,0
29/09/14,1,271,3109,0
30/09/14,2,272,2919,0
01/10/14,3,273,2997,0
02/10/14,4,274,2938,0
03/10/14,5,275,2950,0
04/10/14,6,276,2946,0
05/10/14,7,277,2976,0
06/10/14,1,278,3001,0
07/10/14,2,279,3088,0
08/10/14,3,280,2952,0
09/10/14,4,281,2993,0
10/10/14,5,282,2976,0
11/10/14,6,283,2932,0
12/10/14,7,284,2954,0
13/10/14,1,285,3019,0
14/10/14,2,286,2956,0
15/10/14,3,287,3041,0
16/10/14,4,288,2878,0
17/10/14,5,289,2962,0
18/10/14,6,290,3043,0
19/10/14,7,291,2980,0
20/10/14,1,292,3133,0
21/10/14,2,293,2916,0
22/10/14,3,294,2952,0
23/10/14,4,295,2936,0
24/10/14,5,296,2923,0
25/10/14,6,297,3021,0
26/10/14,7,298,2921,0
27/10/14,1,299,3000,0
28/10/14,2,300,2979,0
29/10/14,3,301,3010,0
30/10/14,4,302,2979,0
31/10/14,5,303,3004,0
01/11/14,6,304,3023,0
02/11/14,7,305,2985,0
03/11/14,1,306,2976,0
04/11/14,2,307,3069,0
05/11/14,3,308,3027,0
06/11/14,4,309,2980,0
07/11/14,5,310,3046,0
08/11/14,6,311,2914,0
09/11/14,7,312,2982,0
10/11/14,1,313,3161,0
11/11/14,2,314,3100,0
12/11/14,3,315,3015,0
13/11/14,4,316,3079,0
14/11/14,5,317,2964,0
15/11/14,6,318,2950,0
16/11/14,7,319,2977,0
17/11/14,1,320,3070,0
18/11/14,2,321,2998,0
19/11/14,3,322,2968,0
20/11/14,4,323,3003,0
21/11/14,5,324,3073,0
22/11/14,6,325,3157,0
23/11/14,7,326,3044,0
24/11/14,1,327,3058,0
25/11/14,2,328,2979,0
26/11/14,3,329,2970,0
27/11/14,4,330,2908,0
28/11/14,5,331,3018,0
29/11/14,6,332,3074,0
30/11/14,7,333,2996,0
01/12/14,1,334,2994,0
02/12/14,2,335,3015,0
03/12/14,3,336,2979,0
04/12/14,4,337,2905,0
05/12/14,5,338,2967,0
06/12/14,6,339,2929,0
07/12/14,7,340,2958,0
08/12/14,1,341,2908,0
09/12/14,2,342,3031,0
10/12/14,3,343,2946,0
11/12/14,4,344,2958,0
12/12/14,5,345,2989,0
13/12/14,6,346,3082,0
14/12/14,7,347,3060,0
15/12/14,1,348,3071,0
16/12/14,2,349,3025,0
17/12/14,3,350,3034,0
18/12/14,4,351,3083,0
19/12/14,5,352,2979,0
20/12/14,6,353,2964,0
21/12/14,7,354,3120,0
22/12/14,1,355,3021,0
23/12/14,2,356,3023,0
24/12/14,3,357,3083,0
25/12/14,4,358,2953,1
26/12/14,5,359,3088,0
27/12/14,6,360,3065,0
28/12/14,7,361,2968,0
29/12/14,1,362,3041,0
30/12/14,2,363,3018,0
31/12/14,3,364,2989,0
01/01/15,4,0,3008,0
02/01/15,5,1,2951,0
03/01/15,6,2,3001,0
04/01/15,7,3,2957,0
05/01/15,1,4,2918,0
06/01/15,2,5,2963,0
07/01/15,3,6,3004,0
08/01/15,4,7,3051,0
09/01/15,5,8,3000,0
10/01/15,6,9,2917,0
11/01/15,7,10,3044,0
12/01/15,1,11,3067,0
13/01/15,2,12,3084,0
14/01/15,3,13,3050,0
15/01/15,4,14,3008,0
16/01/15,5,15,2936,0
17/01/15,6,16,3048,0
18/01/15,7,17,2973,0
19/01/15,1,18,3033,0
20/01/15,2,19,2953,0
21/01/15,3,20,3083,0
22/01/15,4,21,2975,0
23/01/15,5,22,3035,0
24/01/15,6,23,3053,0
25/01/15,7,24,2969,0
26/01/15,1,25,2989,0
27/01/15,2,26,2937,0
28/01/15,3,27,3002,0
29/01/15,4,28,3039,0
30/01/15,5,29,3022,0
31/01/15,6,30,3017,0
01/02/15,7,31,2963,0
02/02/15,1,32,3029,0
03/02/15,2,33,3005,0
04/02/15,3,34,2976,0
05/02/15,4,35,3043,0
06/02/15,5,36,2972,0
07/02/15,6,37,3013,0
08/02/15,7,38,3072,0
09/02/15,1,39,3008,0
10/02/15,2,40,3052,0
11/02/15,3,41,2997,0
12/02/15,4,42,3088,0
13/02/15,5,43,2998,0
14/02/15,6,44,3022,0
15/02/15,7,45,2993,0
16/02/15,1,46,2960,0
17/02/15,2,47,2963,0
18/02/15,3,48,2994,0
19/02/15,4,49,2970,0
20/02/15,5,50,3053,0
21/02/15,6,51,2986,0
22/02/15,7,52,3016,0
23/02/15,1,53,2970,0
24/02/15,2,54,2885,0
25/02/15,3,55,2993,0
26/02/15,4,56,2976,0
27/02/15,5,57,2978,0
28/02/15,6,58,2966,0
01/03/15,7,59,3017,0
02/03/15,1,60,2977,0
03/03/15,2,61,2966,0
04/03/15,3,62,3048,0
05/03/15,4,63,2991,0
06/03/15,5,64,3042,0
07/03/15,6,65,2954,0
08/03/15,7,66,2918,0
09/03/15,1,67,3071,0
10/03/15,2,68,2977,0
11/03/15,3,69,2975,0
12/03/15,4,70,2993,0
13/03/15,5,71,2962,0
14/03/15,6,72,2980,0
15/03/15,7,73,2919,0
16/03/15,1,74,2939,0
17/03/15,2,75,3009,0
18/03/15,3,76,2975,0
19/03/15,4,77,2987,0
20/03/15,5,78,3003,0
21/03/15,6,79,2984,0
22/03/15,7,80,2957,0
23/03/15,1,81,2991,0
24/03/15,2,82,2987,0
25/03/15,3,83,2984,0
26/03/15,4,84,3020,0
27/03/15,5,85,2937,0
28/03/15,6,86,3009,0
29/03/15,7,87,2947,0
30/03/15,1,88,3058,0
31/03/15,2,89,3040,0
01/04/15,3,90,2961,0
02/04/15,4,91,3003,0
03/04/15,5,92,2961,0
04/04/15,6,93,2895,0
05/04/15,7,94,3019,0
06/04/15,1,95,3130,0
07/04/15,2,96,2977,0
08/04/15,3,97,2899,0
09/04/15,4,98,2969,0
10/04/15,5,99,2886,0
11/04/15,6,100,2988,0
12/04/15,7,101,3028,0
13/04/15,1,102,3002,0
14/04/15,2,103,3048,0
15/04/15,3,104,3051,0
16/04/15,4,105,3026,0
17/04/15,5,106,2947,0
18/04/15,6,107,2931,0
19/04/15,7,108,2993,0
20/04/15,1,109,2989,0
21/04/15,2,110,3054,0
22/04/15,3,111,3064,0
23/04/15,4,112,2991,0
24/04/15,5,113,2891,0
25/04/15,6,114,2933,0
26/04/15,7,115,2995,0
27/04/15,1,116,2961,0
28/04/15,2,117,3027,0
29/04/15,3,118,3007,0
30/04/15,4,119,3005,0
01/05/15,5,120,2941,0
02/05/15,6,121,2955,0
03/05/15,7,122,2971,0
04/05/15,1,123,3054,0
05/05/15,2,124,3015,0
06/05/15,3,125,2961,0
07/05/15,4,126,2977,0
08/05/15,5,127,2923,0
09/05/15,6,128,2933,0
10/05/15,7,129,2961,0
11/05/15,1,130,3046,0
12/05/15,2,131,3036,0
13/05/15,3,132,2968,0
14/05/15,4,133,2965,0
15/05/15,5,134,2957,0
16/05/15,6,135,2971,0
17/05/15,7,136,3004,0
18/05/15,1,137,2951,0
19/05/15,2,138,3036,0
20/05/15,3,139,3082,0
21/05/15,4,140,3032,0
22/05/15,5,141,3104,0
23/05/15,6,142,2952,0
24/05/15,7,143,3020,0
25/05/15,1,144,2996,0
26/05/15,2,145,3048,0
27/05/15,3,146,2988,0
28/05/15,4,147,2957,0
29/05/15,5,148,2979,0
30/05/15,6,149,2991,0
31/05/15,7,150,2959,0
01/06/15,1,151,3017,0
02/06/15,2,152,3008,0
03/06/15,3,153,2969,0
04/06/15,4,154,3116,0
05/06/15,5,155,2933,0
06/06/15,6,156,2998,0
07/06/15,7,157,3013,0
08/06/15,1,158,2925,0
09/06/15,2,159,2927,0
10/06/15,3,160,2937,0
11/06/15,4,161,3017,0
12/06/15,5,162,2910,0
13/06/15,6,163,3085,0
14/06/15,7,164,3018,0
15/06/15,1,165,2999,0
16/06/15,2,166,2866,0
17/06/15,3,167,2923,0
18/06/15,4,168,2942,0
19/06/15,5,169,2949,0
20/06/15,6,170,2992,0
21/06/15,7,171,3090,0
22/06/15,1,172,3087,0
23/06/15,2,173,2966,0
24/06/15,3,174,2989,0
25/06/15,4,175,3050,0
26/06/15,5,176,3010,0
27/06/15,6,177,2969,0
28/06/15,7,178,3018,0
29/06/15,1,179,2998,0
30/06/15,2,180,3013,0
01/07/15,3,181,2941,0
02/07/15,4,182,2997,0
03/07/15,5,183,2958,0
04/07/15,6,184,2926,0
05/07/15,7,185,2956,0
06/07/15,1,186,2932,0
07/07/15,2,187,3016,0
08/07/15,3,188,3007,0
09/07/15,4,189,3145,0
10/07/15,5,190,2992,0
11/07/15,6,191,2903,0
12/07/15,7,192,2976,0
13/07/15,1,193,2960,0
14/07/15,2,194,2895,0
15/07/15,3,195,2909,0
16/07/15,4,196,2976,0
17/07/15,5,197,3042,0
18/07/15,6,198,2997,0
19/07/15,7,199,2901,0
20/07/15,1,200,3016,0
21/07/15,2,201,2922,0
22/07/15,3,202,2944,0
23/07/15,4,203,2958,0
24/07/15,5,204,2965,0
25/07/15,6,205,2934,0
26/07/15,7,206,3016,0
27/07/15,1,207,2922,0
28/07/15,2,208,3001,0
29/07/15,3,209,3001,0
30/07/15,4,210,3021,0
31/07/15,5,211,3016,0
01/08/15,6,212,2900,0
02/08/15,7,213,2979,0
03/08/15,1,214,3018,0
04/08/15,2,215,2972,0
05/08/15,3,216,3062,0
06/08/15,4,217,2913,0
07/08/15,5,218,3013,0
08/08/15,6,219,2914,0
09/08/15,7,220,3107,0
10/08/15,1,221,2917,0
11/08/15,2,222,2981,0
12/08/15,3,223,3091,0
13/08/15,4,224,3003,0
14/08/15,5,225,3052,0
15/08/15,6,226,2991,0
16/08/15,7,227,2975,0
17/08/15,1,228,2979,0
18/08/15,2,229,2967,0
19/08/15,3,230,2910,0
20/08/15,4,231,2998,0
21/08/15,5,232,2904,0
22/08/15,6,233,3036,0
23/08/15,7,234,3074,0
24/08/15,1,235,2956,0
25/08/15,2,236,3013,0
26/08/15,3,237,3034,0
27/08/15,4,238,2941,0
28/08/15,5,239,3033,0
29/08/15,6,240,3042,0
30/08/15,7,241,2990,0
31/08/15,1,242,2934,0
01/09/15,2,243,3076,0
02/09/15,3,244,2969,0
03/09/15,4,245,3085,0
04/09/15,5,246,2876,0
05/09/15,6,247,2975,0
06/09/15,7,248,3037,0
07/09/15,1,249,3055,0
08/09/15,2,250,3009,0
09/09/15,3,251,3019,0
10/09/15,4,252,3020,0
11/09/15,5,253,2998,0
12/09/15,6,254,3111,0
13/09/15,7,255,2994,0
14/09/15,1,256,3057,0
15/09/15,2,257,3080,0
16/09/15,3,258,3104,0
17/09/15,4,259,2924,0
18/09/15,5,260,3003,0
19/09/15,6,261,2910,0
20/09/15,7,262,2987,0
21/09/15,1,263,2993,0
22/09/15,2,264,3081,0
23/09/15,3,265,2955,0
24/09/15,4,266,3045,0
25/09/15,5,267,2990,0
26/09/15,6,268,3006,0
27/09/15,7,269,2966,0
28/09/15,1,270,2875,0
29/09/15,2,271,2986,0
30/09/15,3,272,3030,0
01/10/15,4,273,2935,0
02/10/15,5,274,2965,0
03/10/15,6,275,3024,0
04/10/15,7,276,3068,0
05/10/15,1,277,3075,0
06/10/15,2,278,2978,0
07/10/15,3,279,3039,0
08/10/15,4,280,2991,0
09/10/15,5,281,2984,0
10/10/15,6,282,2953,0
11/10/15,7,283,3012,0
12/10/15,1,284,3009,0
13/10/15,2,285,3063,0
14/10/15,3,286,2961,0
15/10/15,4,287,3046,0
16/10/15,5,288,2995,0
17/10/15,6,289,2969,0
18/10/15,7,290,2938,0
19/10/15,1,291,3095,0
20/10/15,2,292,3027,0
21/10/15,3,293,2998,0
22/10/15,4,294,3008,0
23/10/15,5,295,3036,0
24/10/15,6,296,3004,0
25/10/15,7,297,2990,0
26/10/15,1,298,2941,0
27/10/15,2,299,2977,0
28/10/15,3,300,3039,0
29/10/15,4,301,3048,0
30/10/15,5,302,2942,0
31/10/15,6,303,3143,0
01/11/15,7,304,2969,0
02/11/15,1,305,3022,0
03/11/15,2,306,3112,0
04/11/15,3,307,2913,0
05/11/15,4,308,3013,0
06/11/15,5,309,2869,0
07/11/15,6,310,2982,0
08/11/15,7,311,2986,0
09/11/15,1,312,3073,0
10/11/15,2,313,3055,0
11/11/15,3,314,2974,0
12/11/15,4,315,2958,0
13/11/15,5,316,2971,0
14/11/15,6,317,3102,0
15/11/15,7,318,3010,0
16/11/15,1,319,3071,0
17/11/15,2,320,3086,0
18/11/15,3,321,2982,0
19/11/15,4,322,3055,0
20/11/15,5,323,3046,0
21/11/15,6,324,2929,0
22/11/15,7,325,3033,0
23/11/15,1,326,3048,0
24/11/15,2,327,3001,0
25/11/15,3,328,3032,0
26/11/15,4,329,2970,0
27/11/15,5,330,3029,0
28/11/15,6,331,3011,0
29/11/15,7,332,3012,0
30/11/15,1,333,3064,0
01/12/15,2,334,3068,0
02/12/15,3,335,3043,0
03/12/15,4,336,2959,0
04/12/15,5,337,3023,0
05/12/15,6,338,2985,0
06/12/15,7,339,2936,0
07/12/15,1,340,3010,0
08/12/15,2,341,3032,0
09/12/15,3,342,3071,0
10/12/15,4,343,3086,0
11/12/15,5,344,3037,0
12/12/15,6,345,3048,0
13/12/15,7,346,3016,0
14/12/15,1,347,2908,0
15/12/15,2,348,3077,0
16/12/15,3,349,3029,0
17/12/15,4,350,2982,0
18/12/15,5,351,2922,0
19/12/15,6,352,3080,0
20/12/15,7,353,2990,0
21/12/15,1,354,3027,0
22/12/15,2,355,3012,0
23/12/15,3,356,3067,0
24/12/15,4,357,3020,0
25/12/15,5,358,3058,1
26/12/15,6,359,2979,0
27/12/15,7,360,2981,0
28/12/15,1,361,3067,0
29/12/15,2,362,3096,0
30/12/15,3,363,2991,0
31/12/15,4,364,3079,0
01/01/16,5,0,2890,0
02/01/16,6,1,2979,0
03/01/16,7,2,3015,0
04/01/16,1,3,3009,0
05/01/16,2,4,3004,0
06/01/16,3,5,2980,0
07/01/16,4,6,2967,0
08/01/16,5,7,2899,0
09/01/16,6,8,2974,0
10/01/16,7,9,2977,0
11/01/16,1,10,3028,0
12/01/16,2,11,3007,0
13/01/16,3,12,3004,0
14/01/16,4,13,3042,0
15/01/16,5,14,3038,0
16/01/16,6,15,2943,0
17/01/16,7,16,3006,0
18/01/16,1,17,3133,0
19/01/16,2,18,2943,0
20/01/16,3,19,3041,0
21/01/16,4,20,2969,0
22/01/16,5,21,2997,0
23/01/16,6,22,3068,0
24/01/16,7,23,3023,0
25/01/16,1,24,2949,0
26/01/16,2,25,2984,0
27/01/16,3,26,2885,0
28/01/16,4,27,3120,0
29/01/16,5,28,2988,0
30/01/16,6,29,3040,0
31/01/16,7,30,2960,0
01/02/16,1,31,2970,0
02/02/16,2,32,3031,0
03/02/16,3,33,3036,0
04/02/16,4,34,2992,0
05/02/16,5,35,2967,0
06/02/16,6,36,2993,0
07/02/16,7,37,3008,0
08/02/16,1,38,2987,0
09/02/16,2,39,2971,0
10/02/16,3,40,3142,0
11/02/16,4,41,3020,0
12/02/16,5,42,2963,0
13/02/16,6,43,3048,0
14/02/16,7,44,2978,0
15/02/16,1,45,2988,0
16/02/16,2,46,2972,0
17/02/16,3,47,2981,0
18/02/16,4,48,2992,0
19/02/16,5,49,2936,0
20/02/16,6,50,3016,0
21/02/16,7,51,3044,0
22/02/16,1,52,3011,0
23/02/16,2,53,3042,0
24/02/16,3,54,2946,0
25/02/16,4,55,3059,0
26/02/16,5,56,3021,0
27/02/16,6,57,2942,0
28/02/16,7,58,2961,0
29/02/16,1,59,3001,0
01/03/16,2,60,2956,0
02/03/16,3,61,2946,0
03/03/16,4,62,3002,0
04/03/16,5,63,2972,0
05/03/16,6,64,2974,0
06/03/16,7,65,2947,0
07/03/16,1,66,3014,0
08/03/16,2,67,2999,0
09/03/16,3,68,2952,0
10/03/16,4,69,3005,0
11/03/16,5,70,3016,0
12/03/16,6,71,2964,0
13/03/16,7,72,3004,0
14/03/16,1,73,2997,0
15/03/16,2,74,3038,0
16/03/16,3,75,2994,0
17/03/16,4,76,3043,0
18/03/16,5,77,2929,0
19/03/16,6,78,2974,0
20/03/16,7,79,3114,0
21/03/16,1,80,2961,0
22/03/16,2,81,3045,0
23/03/16,3,82,2944,0
24/03/16,4,83,3066,0
25/03/16,5,84,2901,0
26/03/16,6,85,2923,0
27/03/16,7,86,2983,0
28/03/16,1,87,3102,0
29/03/16,2,88,2956,0
30/03/16,3,89,3000,0
31/03/16,4,90,2964,0
01/04/16,5,91,2859,0
02/04/16,6,92,3131,0
03/04/16,7,93,2987,0
04/04/16,1,94,3142,0
05/04/16,2,95,3036,0
06/04/16,3,96,2992,0
07/04/16,4,97,2953,0
08/04/16,5,98,3045,0
09/04/16,6,99,3037,0
10/04/16,7,100,2977,0
11/04/16,1,101,2949,0
12/04/16,2,102,2949,0
13/04/16,3,103,2938,0
14/04/16,4,104,2962,0
15/04/16,5,105,2988,0
16/04/16,6,106,2953,0
17/04/16,7,107,3039,0
18/04/16,1,108,3020,0
19/04/16,2,109,3007,0
20/04/16,3,110,3028,0
21/04/16,4,111,3016,0
22/04/16,5,112,3073,0
23/04/16,6,113,3047,0
24/04/16,7,114,3009,0
25/04/16,1,115,3072,0
26/04/16,2,116,3054,0
27/04/16,3,117,2960,0
28/04/16,4,118,3115,0
29/04/16,5,119,3064,0
30/04/16,6,120,2945,0
01/05/16,7,121,2906,0
02/05/16,1,122,3058,0
03/05/16,2,123,3071,0
04/05/16,3,124,3025,0
05/05/16,4,125,2955,0
06/05/16,5,126,3039,0
07/05/16,6,127,2922,0
08/05/16,7,128,3020,0
09/05/16,1,129,3035,0
10/05/16,2,130,2947,0
11/05/16,3,131,3015,0
12/05/16,4,132,2897,0
13/05/16,5,133,3017,0
14/05/16,6,134,2992,0
15/05/16,7,135,3031,0
16/05/16,1,136,2976,0
